fail left -0.339052540 3.617634966 0.994802700 0.145116204 0.740369227 0.649423000 0.095102376
success left 0.501065989 -0.290361990 1.012599841 -0.622591232 -0.231644854 0.297929429 0.685535466
fail left 0.190451555 -0.364986789 0.982444413 -0.634597724 -0.184385596 0.253061907 0.706574379
fail left 0.190451555 -0.364986789 0.982444413 -0.634597724 -0.184385596 0.253061907 0.706574379
fail left 0.511841963 -0.287652940 1.039970805 -0.628253931 -0.235208186 0.303468408 0.676669072
success left 0.480297085 -0.300091037 1.062417486 -0.635497948 -0.231513292 0.299506918 0.672933548
fail left 0.480816222 -0.300527098 1.070524881 -0.636651007 -0.232060721 0.301113742 0.670935043
success left 0.509075835 -0.284312673 1.013514835 -0.624524745 -0.241554498 0.304821837 0.677276838
success left 0.509075835 -0.284312673 1.013514835 -0.624524745 -0.241554498 0.304821837 0.677276838
fail left 0.401392789 -0.334018227 1.045943317 -0.636135405 -0.224203742 0.288386507 0.679630525
success left 0.505655492 -0.286952510 1.022242216 -0.624786007 -0.244177457 0.306582774 0.675297577
fail left 0.410253040 -0.333842592 1.087493491 -0.641973500 -0.225130059 0.290141574 0.673055977
success left 0.526974292 -0.279514169 1.018345310 -0.631419780 -0.234974741 0.298006299 0.676230861
success left 0.444675348 -0.290314897 1.016801237 -0.666604753 -0.182566220 0.249483449 0.678281422
success left 0.470136838 -0.284295066 1.049109079 -0.689172392 -0.154320058 0.224515076 0.671431094
success left 0.470136838 -0.284295066 1.049109079 -0.689172392 -0.154320058 0.224515076 0.671431094
success left 0.472737499 -0.248497302 0.978078634 -0.709336874 -0.081894851 0.158039486 0.682024892
success left 0.468008257 -0.236063998 0.997176991 -0.745083042 0.023584180 0.060984162 0.663758976
success left 0.432836611 -0.200833612 1.007774241 -0.765956563 0.131226845 -0.036825515 0.628278553
fail left 0.494587927 -0.193252236 0.926619471 -0.749532731 0.188650222 -0.113155696 0.624345712
fail left 0.494587927 -0.193252236 0.926619471 -0.749532731 0.188650222 -0.113155696 0.624345712
fail left 0.074444115 -0.066418318 0.911149069 -0.695650311 0.314076632 -0.269022506 0.587412467
fail left 0.064364218 -0.039599277 0.898844627 -0.689404059 0.306639678 -0.280719168 0.593203928
fail left 0.253875296 -0.101441931 0.974607500 -0.709775780 0.306034570 -0.273775027 0.572370875
fail left 0.323789475 -0.110593548 1.038274972 -0.724325736 0.292660327 -0.264478150 0.565467478
fail left 0.764769843 -0.151019531 0.902219410 -0.743441021 0.194832491 -0.150727414 0.621785329
fail left 0.374787453 -0.094322125 1.033433160 -0.734823357 0.089221117 -0.101732025 0.664623819
success left 0.571368974 -0.127578051 1.065115324 -0.709596445 -0.077858549 0.051593862 0.698390296
success left 0.571368974 -0.127578051 1.065115324 -0.709596445 -0.077858549 0.051593862 0.698390296
success left 0.582311959 -0.126376181 1.080440401 -0.697628629 -0.118460965 0.098658264 0.699676956
fail left -0.307633547 1.656049546 1.242957184 -0.479494555 -0.537533545 0.637957530 0.272310208
fail left 0.481058358 -0.194763905 1.086459100 -0.634399750 -0.224157482 0.202206746 0.711619852
success left 0.567579960 -0.163971721 1.077618769 -0.616133166 -0.280173760 0.272463751 0.683846540
success left 0.567579960 -0.163971721 1.077618769 -0.616133166 -0.280173760 0.272463751 0.683846540
fail left 0.595861020 -0.143889777 1.075789558 -0.586395684 -0.313575518 0.336068143 0.666984782
fail left 0.000000000 0.000000000 0.000000000 0.000000000 0.000000000 0.000000000 1.000000000
fail left 0.000000000 0.000000000 0.000000000 0.000000000 0.000000000 0.000000000 1.000000000
fail left 0.000000000 0.000000000 0.000000000 0.000000000 0.000000000 0.000000000 1.000000000
fail left 0.000000000 0.000000000 0.000000000 0.000000000 0.000000000 0.000000000 1.000000000
success left 0.596769039 -0.101070511 1.041023914 -0.691192248 -0.115722726 0.153196813 0.696700986
success left 0.599510777 -0.097247510 1.088840384 -0.680885029 -0.164064661 0.184968106 0.689394782
fail left 0.423188409 -0.183287598 1.082173745 -0.667372803 -0.181757974 0.202013469 0.693374458
fail left 0.423188409 -0.183287598 1.082173745 -0.667372803 -0.181757974 0.202013469 0.693374458
fail left 0.590020019 -0.132945397 1.061291162 -0.583884662 -0.298474553 0.322715995 0.682529142
fail left 0.000000000 0.000000000 0.000000000 0.000000000 0.000000000 0.000000000 1.000000000
fail left 0.000000000 0.000000000 0.000000000 0.000000000 0.000000000 0.000000000 1.000000000
fail left 0.000000000 0.000000000 0.000000000 0.000000000 0.000000000 0.000000000 1.000000000
fail left 0.000000000 0.000000000 0.000000000 0.000000000 0.000000000 0.000000000 1.000000000
fail left 0.000000000 0.000000000 0.000000000 0.000000000 0.000000000 0.000000000 1.000000000
fail left 0.000000000 0.000000000 0.000000000 0.000000000 0.000000000 0.000000000 1.000000000
fail left 0.000000000 0.000000000 0.000000000 0.000000000 0.000000000 0.000000000 1.000000000
fail left 0.000000000 0.000000000 0.000000000 0.000000000 0.000000000 0.000000000 1.000000000
fail left 0.000000000 0.000000000 0.000000000 0.000000000 0.000000000 0.000000000 1.000000000
fail left 0.000000000 0.000000000 0.000000000 0.000000000 0.000000000 0.000000000 1.000000000
fail left 0.000000000 0.000000000 0.000000000 0.000000000 0.000000000 0.000000000 1.000000000
fail left 0.000000000 0.000000000 0.000000000 0.000000000 0.000000000 0.000000000 1.000000000
fail left 0.000000000 0.000000000 0.000000000 0.000000000 0.000000000 0.000000000 1.000000000
fail left 0.000000000 0.000000000 0.000000000 0.000000000 0.000000000 0.000000000 1.000000000
fail left 0.000000000 0.000000000 0.000000000 0.000000000 0.000000000 0.000000000 1.000000000
fail left 0.000000000 0.000000000 0.000000000 0.000000000 0.000000000 0.000000000 1.000000000
fail left 0.000000000 0.000000000 0.000000000 0.000000000 0.000000000 0.000000000 1.000000000
fail left 0.000000000 0.000000000 0.000000000 0.000000000 0.000000000 0.000000000 1.000000000
fail left 0.000000000 0.000000000 0.000000000 0.000000000 0.000000000 0.000000000 1.000000000
fail left 0.000000000 0.000000000 0.000000000 0.000000000 0.000000000 0.000000000 1.000000000
fail left 0.000000000 0.000000000 0.000000000 0.000000000 0.000000000 0.000000000 1.000000000
fail left 0.000000000 0.000000000 0.000000000 0.000000000 0.000000000 0.000000000 1.000000000
fail left 0.000000000 0.000000000 0.000000000 0.000000000 0.000000000 0.000000000 1.000000000
fail left 0.000000000 0.000000000 0.000000000 0.000000000 0.000000000 0.000000000 1.000000000
fail left 0.000000000 0.000000000 0.000000000 0.000000000 0.000000000 0.000000000 1.000000000
fail left 0.000000000 0.000000000 0.000000000 0.000000000 0.000000000 0.000000000 1.000000000
fail left 0.000000000 0.000000000 0.000000000 0.000000000 0.000000000 0.000000000 1.000000000
fail left 0.000000000 0.000000000 0.000000000 0.000000000 0.000000000 0.000000000 1.000000000
fail left 0.000000000 0.000000000 0.000000000 0.000000000 0.000000000 0.000000000 1.000000000
fail left 0.000000000 0.000000000 0.000000000 0.000000000 0.000000000 0.000000000 1.000000000
fail left 0.505813696 -0.377951114 1.111493003 0.577876163 0.328995475 -0.577762387 -0.473298787
fail left -1.463071359 3.616473057 -0.289428117 0.037333398 0.804455655 0.588996937 0.067378967
fail left 0.000000000 0.000000000 0.000000000 0.000000000 0.000000000 0.000000000 1.000000000
fail left 0.647386118 -0.236638827 1.102415268 0.686939183 0.363538024 -0.444201751 -0.445689878
fail left 0.000000000 0.000000000 0.000000000 0.000000000 0.000000000 0.000000000 1.000000000
fail left 0.674316900 -0.157562585 0.990625520 -0.638061746 -0.255327498 0.293581970 0.664450678
fail left 0.479982412 -0.210863433 1.011970601 -0.712600848 -0.200408231 0.186304745 0.646008602
fail left 0.479982412 -0.210863433 1.011970601 -0.712600848 -0.200408231 0.186304745 0.646008602
success left 0.672517524 -0.083608056 0.988545182 -0.725329219 -0.164165677 0.108491699 0.659679245
success left 0.674853175 -0.089773261 1.001574055 -0.690825186 -0.229834325 0.179214929 0.661678740
fail left 0.633664671 -0.102255753 1.081661339 -0.703132012 -0.188217617 0.177206252 0.662402783
success left 0.682177010 -0.077908782 0.963490694 -0.697543641 -0.170902941 0.124335493 0.684664691
success left 0.656604691 -0.094524711 1.015016238 -0.704046816 -0.152107671 0.108818462 0.685083848
success left 0.653920394 -0.095363393 1.013364606 -0.704099161 -0.151225232 0.108133304 0.685333852
success left 0.629449202 -0.100834369 0.968581553 -0.697316013 -0.144061019 0.100010501 0.694978201
success left 0.690171437 -0.071791714 0.965054229 -0.694083111 -0.155060967 0.112195379 0.693986259
success left 0.702583257 -0.064231098 0.964884291 -0.693525039 -0.158949614 0.114885384 0.693223910
success left 0.646409699 -0.104346501 1.046054088 -0.711411464 -0.147288391 0.103865368 0.679273026
success left 0.646506128 -0.106964263 1.047077730 -0.711616129 -0.146782508 0.104274604 0.679105432
success left 0.624573605 -0.114007466 1.050239626 -0.712983564 -0.144559242 0.101828961 0.678518921
success left 0.647766375 -0.091103491 0.968635468 -0.697254467 -0.154040418 0.109705639 0.691427820
success left 0.679491980 -0.108748728 0.973660833 -0.672480970 -0.267757508 0.219310355 0.654200451
success left 0.679491980 -0.108748728 0.973660833 -0.672480970 -0.267757508 0.219310355 0.654200451
fail left 0.568525074 -0.170011474 0.983013998 -0.664809961 -0.296038345 0.245334051 0.640468748
fail left 0.498851520 -0.290479953 0.920454290 -0.641455951 -0.331209615 0.287953178 0.629219692
fail left 0.496168604 -0.294485423 0.993418333 -0.647463530 -0.344215904 0.300597771 0.609874880
success left 0.559456722 -0.219707926 1.006341500 -0.627665521 -0.379764266 0.336870352 0.590197816
success left 0.562330185 -0.222801794 1.001169096 -0.618835675 -0.393330601 0.352406818 0.581500542
success left 0.562330185 -0.222801794 1.001169096 -0.618835675 -0.393330601 0.352406818 0.581500542
success left 0.551701457 -0.249414465 0.972293266 -0.608257440 -0.401838536 0.367893577 0.577237380
fail left 0.000000000 0.000000000 0.000000000 0.000000000 0.000000000 0.000000000 1.000000000
success left 0.539718106 -0.255158962 1.007872829 -0.603641473 -0.419334435 0.379719811 0.561772613
success left 0.533951349 -0.269057707 1.001269018 -0.599904953 -0.423616957 0.384691327 0.559173770
fail left 0.393815639 -0.422532569 1.020385745 -0.615672258 -0.406301035 0.365615417 0.567620037
success left 0.534085609 -0.279288172 0.987883260 -0.588581255 -0.436202853 0.400433240 0.550411117
success left 0.561589601 -0.234323226 1.008883109 -0.578781431 -0.452940527 0.418184767 0.533833715
fail left 0.666392753 -0.163350742 0.965388341 -0.556179606 -0.468213957 0.443339285 0.524299738
fail left 0.671999596 -0.115524302 1.010987610 -0.551061710 -0.484627116 0.454764453 0.504635356
fail left 0.502737214 -0.445105420 0.790871657 -0.544886243 -0.450910250 0.432435085 0.559266328
fail left 0.664058502 -0.169920865 0.968647060 -0.538707974 -0.490259289 0.463523263 0.504564894
success left 0.545402078 -0.230745139 0.997537833 -0.616175334 -0.397006371 0.356779443 0.579156565
success left 0.498324296 -0.291976377 1.018911343 -0.634634951 -0.372608369 0.323021103 0.595028444
success left 0.498324296 -0.291976377 1.018911343 -0.634634951 -0.372608369 0.323021103 0.595028444
success left 0.508499193 -0.281129799 0.976145759 -0.643618107 -0.342850697 0.300824567 0.614584178
fail left 0.570163524 -0.209414895 0.931273792 -0.644225679 -0.322876481 0.281862123 0.633464914
fail left 0.543134666 -0.248550248 0.938009778 -0.655069385 -0.301715657 0.260123145 0.642018467
fail left 0.623246690 -0.122186586 1.025615594 -0.667560644 -0.302862386 0.257795851 0.629427090
success left 0.625059461 -0.160580957 0.982992084 -0.667740989 -0.285618291 0.240561641 0.643952064
success left 0.626350022 -0.112773241 1.016748592 -0.680373844 -0.269138171 0.208642657 0.648940921
success left 0.647072213 -0.087413294 1.024513366 -0.692982707 -0.225776721 0.144314673 0.669307938
success left 0.677639128 -0.061757322 0.995716458 -0.713255510 -0.172035716 0.111568591 0.670240807
success left 0.675766984 -0.060783239 0.977126254 -0.716039128 -0.140589766 0.080992190 0.678942376
success left 0.646120224 -0.071738700 0.934167100 -0.713144311 -0.092443503 0.034487335 0.694038914
fail left 0.000000000 0.000000000 0.000000000 0.000000000 0.000000000 0.000000000 1.000000000
fail left 0.555391052 -0.054859599 0.962929172 -0.721507803 -0.033308971 -0.019547349 0.691328362
success left 0.596559155 -0.034891074 0.886120117 -0.714290008 -0.009896942 -0.036514966 0.698826511
fail left 0.100465433 3.312279765 0.488151934 -0.155712289 0.754375139 0.625161637 -0.125875970
fail left 0.540036390 -0.035566637 0.983350981 -0.746358700 0.038674596 -0.081221029 0.659436207
success left 0.592866582 -0.033904646 0.958191414 -0.750709431 0.069163306 -0.103072512 0.648866584
fail left 0.650626100 -0.014428256 0.858307047 -0.734598705 0.090010597 -0.107332245 0.663884496
fail left 0.650626100 -0.014428256 0.858307047 -0.734598705 0.090010597 -0.107332245 0.663884496
fail left 0.547640581 -0.005927859 0.983846676 -0.765269367 0.125014711 -0.151550071 0.612998119
fail left 0.000000000 0.000000000 0.000000000 0.000000000 0.000000000 0.000000000 1.000000000
fail left -0.082577590 3.288853062 0.023913188 -0.216419033 0.652831581 0.647340622 -0.328517654
fail left -0.124115045 3.293687671 0.102405323 -0.224416379 0.653289802 0.643481792 -0.329819508
fail left 0.366451521 3.590703430 0.197069324 -0.135949475 0.663929601 0.697564932 -0.232633600
fail left 0.614747803 -0.027757767 1.008727965 -0.835833728 0.055772975 -0.027135574 0.545467702
success left 0.613797741 -0.113737728 1.064467224 -0.692287396 -0.162088938 0.087213109 0.697752973
success left 0.601959471 -0.077600926 1.004959183 -0.740614777 -0.073202052 0.002533504 0.667925739
success left 0.601959471 -0.077600926 1.004959183 -0.740614777 -0.073202052 0.002533504 0.667925739
fail left 0.711799977 -0.071559857 1.021027121 -0.734856368 -0.092923979 0.026636175 0.671298567
fail left 0.240198798 3.524678736 0.999924182 -0.094418661 0.707577074 0.699739642 -0.028004186
fail left 0.786685971 -0.042474119 0.980616635 -0.714323767 0.033067339 -0.053640207 0.696972622
success left 0.753655563 -0.044803510 0.946231044 -0.679809074 0.051984393 -0.064699447 0.728677725
fail left 0.724301090 -0.040776930 0.937258618 -0.677596199 0.079204537 -0.084679320 0.726236494
fail left 0.724301090 -0.040776930 0.937258618 -0.677596199 0.079204537 -0.084679320 0.726236494
fail left 0.353630291 3.439825665 0.539546559 -0.152452772 0.783834110 0.580268843 -0.160157142
fail left 0.769086651 -0.038652042 0.929825389 -0.674786361 0.083869607 -0.091573186 0.727491311
fail left 0.809158223 -0.036283862 0.930664744 -0.670392968 0.119001502 -0.121270354 0.722291778
fail left 0.675468240 -0.047715982 1.000145217 -0.672578692 0.166862182 -0.182091327 0.697594197
fail left -0.029580780 3.127700329 0.215484124 -0.289447503 0.780307238 0.437346961 -0.340688118
fail left 0.711506839 -0.043775315 0.974482228 -0.672987506 0.153489918 -0.161496025 0.705299720
fail left 0.791703597 -0.041458225 1.033089819 -0.687911064 0.128687967 -0.132210562 0.701953092
fail left 0.803213137 -0.041427614 0.950433299 -0.678224979 0.111671201 -0.115772197 0.717033625
fail left 0.000000000 0.000000000 0.000000000 0.000000000 0.000000000 0.000000000 1.000000000
fail left 0.000000000 0.000000000 0.000000000 0.000000000 0.000000000 0.000000000 1.000000000
fail left 0.000000000 0.000000000 0.000000000 0.000000000 0.000000000 0.000000000 1.000000000
fail left 0.000000000 0.000000000 0.000000000 0.000000000 0.000000000 0.000000000 1.000000000
fail left 0.000000000 0.000000000 0.000000000 0.000000000 0.000000000 0.000000000 1.000000000
fail left 0.000000000 0.000000000 0.000000000 0.000000000 0.000000000 0.000000000 1.000000000
fail left 0.000000000 0.000000000 0.000000000 0.000000000 0.000000000 0.000000000 1.000000000
fail left 0.000000000 0.000000000 0.000000000 0.000000000 0.000000000 0.000000000 1.000000000
fail left 0.000000000 0.000000000 0.000000000 0.000000000 0.000000000 0.000000000 1.000000000
fail left 0.000000000 0.000000000 0.000000000 0.000000000 0.000000000 0.000000000 1.000000000
fail left 0.000000000 0.000000000 0.000000000 0.000000000 0.000000000 0.000000000 1.000000000
fail left 0.000000000 0.000000000 0.000000000 0.000000000 0.000000000 0.000000000 1.000000000
fail left 0.000000000 0.000000000 0.000000000 0.000000000 0.000000000 0.000000000 1.000000000
fail left -0.597978192 1.371995944 0.031641190 0.520756032 -0.626125710 -0.056634941 0.577557126
fail left 0.330773706 3.446058208 0.522623824 -0.161724679 0.777029942 0.580212917 -0.182818401
fail left 0.079656701 0.058499322 0.984374642 -0.681545692 0.147303212 -0.135629360 0.703847931
fail left 0.703377742 -0.081284597 0.926687938 -0.691236239 -0.041213535 0.035102178 0.720598185
fail left 0.715728273 -0.126931886 1.018758527 -0.706850280 -0.095081875 0.082660477 0.696052703
success left 0.754913118 -0.118263713 1.044204439 -0.701804818 -0.165624878 0.153543476 0.675620306
fail left 0.000000000 0.000000000 0.000000000 0.000000000 0.000000000 0.000000000 1.000000000
success left 0.773538910 -0.108043118 1.045703185 -0.695280065 -0.194949764 0.184550917 0.666724216
fail left 0.764291320 -0.125570560 1.029325905 -0.685848703 -0.220418050 0.208204528 0.661572607
fail left 0.711066724 -0.195513727 1.026859615 -0.679375069 -0.243760239 0.235194710 0.650933107
fail left 0.676483433 -0.213713456 1.099023430 -0.692802107 -0.245009032 0.239446986 0.634555715
fail left 0.682085292 -0.220429509 0.997679669 -0.645663866 -0.355869571 0.325257501 0.592184582
fail left 0.648828988 -0.320442829 1.017444756 -0.652645864 -0.415391772 0.343158031 0.532677780
fail left 0.648828988 -0.320442829 1.017444756 -0.652645864 -0.415391772 0.343158031 0.532677780
success left 0.660068696 -0.234703677 1.047298727 -0.631484061 -0.441205772 0.366730063 0.521607523
fail left 0.732130935 -0.257096923 1.004135355 -0.607597815 -0.411094417 0.392623945 0.554682534
fail left 0.754572492 -0.213317335 1.011892482 -0.604081756 -0.415093815 0.392749666 0.555454819
success left 0.643384611 -0.342083775 1.068902410 -0.617127134 -0.410544578 0.361884812 0.565373003
fail left 0.837013314 -0.101591747 0.976351292 -0.594639835 -0.426639420 0.391161870 0.558009556
fail left 0.000000000 0.000000000 0.000000000 0.000000000 0.000000000 0.000000000 1.000000000
fail left 0.000000000 0.000000000 0.000000000 0.000000000 0.000000000 0.000000000 1.000000000
fail left 0.000000000 0.000000000 0.000000000 0.000000000 0.000000000 0.000000000 1.000000000
fail left 0.000000000 0.000000000 0.000000000 0.000000000 0.000000000 0.000000000 1.000000000
fail left 0.000000000 0.000000000 0.000000000 0.000000000 0.000000000 0.000000000 1.000000000
fail left 0.000000000 0.000000000 0.000000000 0.000000000 0.000000000 0.000000000 1.000000000
fail left 0.000000000 0.000000000 0.000000000 0.000000000 0.000000000 0.000000000 1.000000000
fail left 0.000000000 0.000000000 0.000000000 0.000000000 0.000000000 0.000000000 1.000000000
fail left 0.000000000 0.000000000 0.000000000 0.000000000 0.000000000 0.000000000 1.000000000
fail left 0.000000000 0.000000000 0.000000000 0.000000000 0.000000000 0.000000000 1.000000000
fail left 0.000000000 0.000000000 0.000000000 0.000000000 0.000000000 0.000000000 1.000000000
fail left 0.000000000 0.000000000 0.000000000 0.000000000 0.000000000 0.000000000 1.000000000
fail left 0.000000000 0.000000000 0.000000000 0.000000000 0.000000000 0.000000000 1.000000000
fail left 0.000000000 0.000000000 0.000000000 0.000000000 0.000000000 0.000000000 1.000000000
fail left 0.000000000 0.000000000 0.000000000 0.000000000 0.000000000 0.000000000 1.000000000
fail left 0.000000000 0.000000000 0.000000000 0.000000000 0.000000000 0.000000000 1.000000000
fail left 0.000000000 0.000000000 0.000000000 0.000000000 0.000000000 0.000000000 1.000000000
fail left 0.000000000 0.000000000 0.000000000 0.000000000 0.000000000 0.000000000 1.000000000
fail left 0.000000000 0.000000000 0.000000000 0.000000000 0.000000000 0.000000000 1.000000000
fail left 0.514868448 -0.514598763 1.001457619 -0.568484038 -0.438936807 0.429321392 0.547579694
fail left 0.000000000 0.000000000 0.000000000 0.000000000 0.000000000 0.000000000 1.000000000
fail left 0.635874022 -0.374253724 1.027417278 -0.559861993 -0.456397176 0.445588471 0.528873407
fail left 0.621942880 -0.375723992 1.067498857 -0.567735728 -0.455315996 0.441559668 0.524774758
fail left 0.823900530 -0.184635422 0.999620490 -0.544180890 -0.458317460 0.452505423 0.537634734
fail left 0.686809583 -0.302765436 0.982485619 -0.609526671 -0.355884170 0.346602277 0.617811100
fail left 0.607743800 -0.307183636 1.017359616 -0.637090588 -0.303269478 0.294953852 0.644317803
fail left 0.341858543 -0.306655826 0.843003736 -0.649423636 -0.195415831 0.190631433 0.709733225
fail left 0.725966849 -0.159519011 1.023812080 -0.664781726 -0.258309542 0.238566854 0.659110987
fail left 0.725966849 -0.159519011 1.023812080 -0.664781726 -0.258309542 0.238566854 0.659110987
success left 0.701436903 -0.176530528 0.975705945 -0.670045661 -0.239113830 0.211122719 0.670291419
fail left -0.354184632 1.613491644 1.308569339 -0.228690189 -0.738221880 0.386262924 0.503517832
success left 0.777470137 -0.114407111 1.028568882 -0.675953622 -0.246185860 0.213091664 0.661113581
success left 0.768024024 -0.125407130 1.032634819 -0.680221545 -0.237206469 0.203057872 0.663173613
success left 0.774697289 -0.123150821 0.998451055 -0.675946308 -0.231765434 0.196186015 0.671485234
fail left -0.126329245 3.519114020 1.943601997 0.083804380 0.511801650 0.854833853 0.017174977
success left 0.771459664 -0.132980187 1.011868365 -0.678889433 -0.231214535 0.195686081 0.668846719
success left 0.761972761 -0.123510437 1.046720019 -0.685107233 -0.229834239 0.196459861 0.662727564
success left 0.755468910 -0.128325426 1.041674810 -0.684445131 -0.229005407 0.196162599 0.663785824
fail left 0.000000000 0.000000000 0.000000000 0.000000000 0.000000000 0.000000000 1.000000000
success left 0.769261600 -0.129270615 1.001451870 -0.676415240 -0.239096967 0.200111246 0.667270974
fail left 0.733759902 -0.150165496 1.032434709 -0.675467505 -0.251803050 0.224069226 0.655844384
fail left 0.560142920 -0.425735283 1.000691951 -0.639073481 -0.321482970 0.315100740 0.623654800
fail left 0.320557498 -0.673856780 0.887419644 -0.635137167 -0.297792902 0.296052232 0.648284847
fail left 0.693252175 -0.300184866 1.013747586 -0.611861162 -0.374775439 0.367943222 0.591427995
fail left 0.554440276 -0.449854875 1.009600328 -0.613677255 -0.376311441 0.363399087 0.591380614
fail left 0.554440276 -0.449854875 1.009600328 -0.613677255 -0.376311441 0.363399087 0.591380614
fail left 0.597634560 -0.392009850 1.039709809 -0.601489363 -0.400699938 0.388340911 0.571700483
fail left 0.592355534 -0.390174606 1.041575775 -0.597967420 -0.409425388 0.392491850 0.566353215
fail left 0.562896981 -0.447341014 1.045450432 -0.602251417 -0.403492120 0.386992721 0.569845570
fail left 0.000000000 0.000000000 0.000000000 0.000000000 0.000000000 0.000000000 1.000000000
fail left 0.639731999 -0.342983129 1.044285603 -0.591319949 -0.418425187 0.401700476 0.560265837
fail left 0.595755699 -0.394125063 1.033091429 -0.595125222 -0.410118468 0.395572945 0.566701737
fail left 0.836747563 -0.127024372 1.008237366 -0.560758747 -0.452589854 0.432823907 0.541641502
fail left 0.469218661 -0.500017719 1.096835118 -0.618336263 -0.387413976 0.376778354 0.570621371
fail left 0.584434169 -0.433014505 1.035530462 -0.576907542 -0.393809030 0.402617995 0.591600275
fail left 0.830562488 -0.189370562 1.009578652 -0.565724163 -0.439125018 0.436521907 0.544586095
fail left -1.073525109 1.345451395 0.575305378 -0.631798975 -0.295455217 0.195367913 0.689469106
fail left -1.073525109 1.345451395 0.575305378 -0.631798975 -0.295455217 0.195367913 0.689469106
fail left -0.104404689 3.659249074 0.763257768 0.273336652 0.667142069 0.617562900 0.314363801
fail left 0.773621667 -0.237155515 0.998241473 -0.571258325 -0.432203807 0.424686245 0.553629288
fail left 0.751685887 -0.457097143 0.898626063 -0.569822937 -0.406049978 0.412097110 0.583610494
fail left 0.472841282 -0.602934847 0.895058529 -0.596487909 -0.360872145 0.386705871 0.603682067
fail left 0.000000000 0.000000000 0.000000000 0.000000000 0.000000000 0.000000000 1.000000000
fail left -1.385149158 -0.837250317 0.431964107 -0.505649577 -0.400500635 0.547361558 0.533210157
fail left -3.679860465 -1.072602609 -0.403487482 0.728099327 -0.461413307 -0.132539578 0.489287635
fail left 0.000000000 0.000000000 0.000000000 0.000000000 0.000000000 0.000000000 1.000000000
fail left 0.853745647 -0.114107603 1.045716663 -0.564220067 -0.450661798 0.440776890 0.533174825
fail left 0.798469480 -0.229281075 1.014292576 -0.571604175 -0.433404454 0.429254069 0.548789750
fail left 0.000000000 0.000000000 0.000000000 0.000000000 0.000000000 0.000000000 1.000000000
fail left 0.782170684 -0.230320450 1.015636447 -0.572886791 -0.433224002 0.426335566 0.549868779
fail left 0.778933449 -0.228698455 1.017260071 -0.573264575 -0.433843378 0.424662903 0.550280901
fail left 0.336842077 -0.980426757 0.844451374 -0.587985783 -0.403038052 0.293439516 0.636966481
fail left -0.601618118 1.449594709 1.272028152 -0.725820611 -0.227793679 0.220444638 0.610490493
fail left 0.837857990 -0.142429640 1.037355905 -0.566330932 -0.445908625 0.437789496 0.537378015
fail left -0.728130733 1.457029645 0.946964504 -0.618902037 -0.329230598 0.336486080 0.628764343
fail left -0.728130733 1.457029645 0.946964504 -0.618902037 -0.329230598 0.336486080 0.628764343
fail left 0.000000000 0.000000000 0.000000000 0.000000000 0.000000000 0.000000000 1.000000000
fail left 0.771098843 -0.251539751 1.035792773 -0.577966383 -0.430035448 0.424204983 0.548702567
fail left 0.000000000 0.000000000 0.000000000 0.000000000 0.000000000 0.000000000 1.000000000
fail left 0.000000000 0.000000000 0.000000000 0.000000000 0.000000000 0.000000000 1.000000000
fail left 0.000000000 0.000000000 0.000000000 0.000000000 0.000000000 0.000000000 1.000000000
fail left 0.000000000 0.000000000 0.000000000 0.000000000 0.000000000 0.000000000 1.000000000
fail left -1.202806688 1.419801435 0.245099245 0.585716245 0.445416008 -0.482503897 -0.475111618
fail left 0.712982033 -0.313974344 1.050375958 -0.588151934 -0.412371494 0.422267322 0.552917138
fail left 0.841939163 -0.140781181 1.047199682 -0.567201866 -0.446557829 0.438238727 0.535551088
fail left -0.330813463 -1.177311199 0.753950300 -0.626551377 -0.247005391 0.260662285 0.691720234
fail left 0.775054265 -0.227073288 1.012531972 -0.572909105 -0.432449765 0.425622032 0.551006574
fail left -0.876728105 1.703644117 0.846981229 -0.530657823 -0.372239394 0.336834267 0.682922239
fail left -0.270922224 3.744984801 0.685522431 0.236048783 0.686059372 0.619479042 0.299748606
fail left 0.845007652 -0.126058530 1.047139901 -0.565925078 -0.448148563 0.439762280 0.534322758
fail left 0.321657210 -0.700270372 0.926762721 -0.603364905 -0.372496326 0.353729664 0.609977543
fail left 0.000000000 0.000000000 0.000000000 0.000000000 0.000000000 0.000000000 1.000000000
fail left -1.627275447 3.716625442 1.602556461 0.135281647 0.615997386 0.775984860 0.009674380
fail left 0.791106308 -0.219990874 1.013832786 -0.571463543 -0.433329317 0.429668539 0.548671184
fail left 0.791015123 -0.230707240 1.010164233 -0.571691628 -0.433335025 0.427641514 0.550011068
fail left 0.180541364 3.558011145 0.872685066 0.313939732 0.631362396 0.611831376 0.358449071
fail left -1.048144899 1.417061585 1.022242871 -0.537064873 -0.405214173 0.351911688 0.650784880
fail left -0.774927291 3.795027775 0.327443581 0.175983608 0.756001194 0.590739058 0.220271036
fail left 0.000000000 0.000000000 0.000000000 0.000000000 0.000000000 0.000000000 1.000000000
fail left -2.578921688 3.227695987 0.266714890 -0.130818601 0.770715104 0.623066786 -0.025932662
fail left 0.000000000 0.000000000 0.000000000 0.000000000 0.000000000 0.000000000 1.000000000
fail left 0.839278770 -0.133073350 1.052034470 -0.567509318 -0.447503852 0.438299656 0.534384588
fail left -0.304553504 3.727765135 0.960560913 0.257851898 0.650090643 0.659052784 0.276665833
fail left 0.000000000 0.000000000 0.000000000 0.000000000 0.000000000 0.000000000 1.000000000
fail left -0.630095010 3.821537844 0.897583543 0.216695257 0.677427706 0.667817288 0.219442334
fail left -1.221036586 1.421625687 0.237837206 -0.716982489 -0.257851190 0.394065298 0.513966356
fail left 0.854347899 -0.105450470 1.060799349 -0.565672590 -0.452297112 0.440510193 0.530464526
fail left -0.131275159 3.621924954 1.298813892 0.315432731 0.589055057 0.694712512 0.266253370
fail left 0.786090239 -0.228127573 0.988868731 -0.568328301 -0.434001380 0.426833653 0.553587190
fail left -2.567247017 3.325411695 0.004734215 -0.141735392 0.795510126 0.589125156 0.002503656
fail left 0.000000000 0.000000000 0.000000000 0.000000000 0.000000000 0.000000000 1.000000000
fail left -1.041984994 1.407493082 0.892575826 -0.562067812 -0.360853309 0.342356544 0.660800016
fail left -0.727909230 1.449181435 1.033018560 -0.630363434 -0.320747700 0.330593800 0.624876462
fail left -4.218821891 1.442495682 1.946800023 0.812334827 -0.296541076 0.324449202 -0.383286100
fail left 0.826892348 -0.166614526 1.028610766 -0.567559701 -0.441484310 0.436275562 0.540953994
fail left 0.000000000 0.000000000 0.000000000 0.000000000 0.000000000 0.000000000 1.000000000
fail left 0.855797503 -0.141956220 1.018430024 -0.562073981 -0.446671157 0.440608326 0.538908174
fail left 0.798532297 -0.205785145 1.029729644 -0.572286313 -0.435296143 0.431011345 0.545192502
fail left -0.565619364 1.539986624 1.344265902 -0.694043174 -0.308920817 0.187866115 0.622557889
fail left -0.057001513 3.641611312 0.825521127 0.281951510 0.654437794 0.624079342 0.320530022
fail left -0.703095211 3.820048066 0.348829209 0.185318997 0.750051270 0.591135735 0.231599879
fail left 0.782922130 -0.205898053 1.027508128 -0.572746765 -0.435458519 0.428821878 0.546304694
fail left -0.100012101 3.685760614 0.812997725 0.277146105 0.659546355 0.625813344 0.310719006
fail left -0.498078641 1.557181577 1.385170832 0.608448430 0.586125030 -0.528297677 -0.084554844
fail left 0.296509752 -0.824483948 1.249729824 -0.650381707 -0.358283709 0.332939736 0.581194934
fail left 0.462255399 -0.656113875 0.949375149 -0.593524255 -0.387655578 0.378939094 0.594859038
fail left 0.790618847 -0.205439374 1.021867784 -0.571615855 -0.434814569 0.430058156 0.547029787
fail left -1.601589811 3.861382970 1.024509466 0.104010946 0.692729873 0.710477523 0.067295880
fail left -1.016484543 1.318186331 0.440252310 -0.545063014 -0.396318878 0.415163375 0.611127671
fail left 0.000000000 0.000000000 0.000000000 0.000000000 0.000000000 0.000000000 1.000000000
fail left -2.601731425 3.397631084 0.800078927 -0.075434729 0.714263173 0.693657022 -0.054567925
fail left -0.065318903 3.644174478 0.827520385 0.280579727 0.654855808 0.624862590 0.319351891
fail left 0.820001622 -0.185098943 1.021055389 -0.568078154 -0.438827426 0.435394605 0.543276393
fail left -2.226148309 3.657132592 0.763657585 -0.003494380 0.730025035 0.683384788 -0.006038882
fail left 0.870368953 -0.119548934 0.999214784 -0.556528191 -0.452024791 0.441202352 0.539713299
fail left 0.534141567 -0.440554383 1.044787003 -0.604437305 -0.400118913 0.385436957 0.570963004
fail left 0.492188653 -0.485429114 1.081720843 -0.614505224 -0.391229880 0.378925591 0.570734533
fail left 0.861147830 -0.084460697 1.076476994 -0.566550485 -0.452566793 0.444324075 0.526098813
fail left 0.857406938 -0.109137388 1.054306059 -0.564608413 -0.452632476 0.440397628 0.531404847
fail left 0.857600673 -0.112120662 1.050335254 -0.564389486 -0.450547375 0.442009390 0.532070738
fail left 0.789011704 -0.210569557 1.035211486 -0.574224168 -0.433492756 0.430215398 0.545220457
fail left 0.000000000 0.000000000 0.000000000 0.000000000 0.000000000 0.000000000 1.000000000
fail left 0.322870204 3.433879352 0.769533567 0.322604384 0.634352098 0.581507460 0.394173694
fail left 0.000000000 0.000000000 0.000000000 0.000000000 0.000000000 0.000000000 1.000000000
fail left -0.213735728 3.753799988 0.760184299 0.263826574 0.673460106 0.626337262 0.290772521
fail left 0.838940488 -0.156459007 1.002213487 -0.561704362 -0.445196611 0.436960282 0.543464718
fail left 0.000000000 0.000000000 0.000000000 0.000000000 0.000000000 0.000000000 1.000000000
fail left 0.033052677 3.607356209 0.846310982 0.297258180 0.645465925 0.619749212 0.333049888
fail left -0.596110128 1.452328723 1.286095754 -0.743716176 -0.154712848 0.277056970 0.588378807
fail left 0.788715946 -0.228310926 1.001909817 -0.570274008 -0.434193883 0.426765976 0.551483480
fail left 0.798408748 -0.250377333 0.977618697 -0.567404175 -0.431556013 0.428797071 0.554927907
fail left 0.643183564 -0.335381620 1.024128603 -0.587137492 -0.421787295 0.401601140 0.562211320
fail left 0.643117044 -0.338157607 1.035504024 -0.589565637 -0.419942125 0.401604161 0.561048188
fail left 0.683452931 -0.409648766 0.827378555 -0.563453864 -0.406400850 0.408852659 0.591774953
fail left 0.676672092 -0.232914547 0.968238856 -0.573482594 -0.429000354 0.416871822 0.559726982
fail left 0.827901751 -0.183376826 1.004876169 -0.564840181 -0.441181844 0.434559949 0.545409756
fail left 0.783072793 -0.214469055 1.035805572 -0.575001167 -0.432129222 0.430009490 0.545646252
fail left -3.638725233 1.359382968 0.837007897 -0.408969779 0.554416130 0.641153652 -0.338065775
fail left 0.000000000 0.000000000 0.000000000 0.000000000 0.000000000 0.000000000 1.000000000
fail left 0.000000000 0.000000000 0.000000000 0.000000000 0.000000000 0.000000000 1.000000000
fail left -3.702580054 -1.210328267 -0.007986687 0.709874215 -0.408671433 -0.162456925 0.550158165
fail left 0.669584290 -0.359274740 1.159567338 -0.596646804 -0.437101100 0.378737363 0.556339132
fail left 0.000000000 0.000000000 0.000000000 0.000000000 0.000000000 0.000000000 1.000000000
fail left 0.000000000 0.000000000 0.000000000 0.000000000 0.000000000 0.000000000 1.000000000
fail left 0.000000000 0.000000000 0.000000000 0.000000000 0.000000000 0.000000000 1.000000000
fail left 0.000000000 0.000000000 0.000000000 0.000000000 0.000000000 0.000000000 1.000000000
fail left 0.000000000 0.000000000 0.000000000 0.000000000 0.000000000 0.000000000 1.000000000
fail left -0.042435147 3.652614634 0.717256458 0.274258993 0.668625035 0.607589669 0.329480441
fail left 0.000000000 0.000000000 0.000000000 0.000000000 0.000000000 0.000000000 1.000000000
fail left 0.000000000 0.000000000 0.000000000 0.000000000 0.000000000 0.000000000 1.000000000
fail left 0.000000000 0.000000000 0.000000000 0.000000000 0.000000000 0.000000000 1.000000000
fail left 0.865537252 -0.804068804 -0.144204531 0.551983647 0.404130265 -0.219820567 0.695465097
fail left -0.794272316 1.449245001 1.135724979 -0.605329042 -0.340464440 0.364993293 0.620032750
fail left 0.856543083 -0.108508758 1.058588269 -0.565449807 -0.451514153 0.441092998 0.530884595
fail left 0.774986930 -0.221541512 1.024970915 -0.574440094 -0.430703793 0.428478786 0.548560618
fail left 0.780271549 -0.218177408 1.030685414 -0.574417616 -0.432160491 0.429009492 0.547021543
fail left 0.000000000 0.000000000 0.000000000 0.000000000 0.000000000 0.000000000 1.000000000
fail left 0.710877876 -0.316625749 1.011470654 -0.582817313 -0.416328470 0.416725515 0.559762833
fail left 0.000000000 0.000000000 0.000000000 0.000000000 0.000000000 0.000000000 1.000000000
fail left 0.898448015 -0.075857853 0.980511349 -0.548419926 -0.459693056 0.445511778 0.537993619
fail left 0.794786036 -0.204769026 0.979553673 -0.564857518 -0.439081970 0.426131918 0.553673727
fail left -0.938910815 3.797238969 0.171751728 0.145093698 0.778954388 0.574825944 0.204335541
fail left 0.000000000 0.000000000 0.000000000 0.000000000 0.000000000 0.000000000 1.000000000
fail left 0.594633873 -0.259725253 1.243875125 -0.606857329 -0.451509568 0.385006375 0.528803729
fail left 0.595980967 -0.184746166 1.182085156 -0.591177829 -0.457326862 0.401035375 0.529652286
success left 0.621417163 -0.191872887 1.153732312 -0.589433437 -0.452179234 0.404034301 0.533721320
fail left -3.791292861 -0.781078519 -0.095290622 0.681212667 -0.478901538 -0.210823092 0.512011956
success left 0.616882357 -0.260073096 1.190295591 -0.595549914 -0.450478288 0.389424419 0.539201477
success left 0.618425581 -0.242883547 1.228850456 -0.596452645 -0.457783341 0.386831889 0.533891135
success left 0.628909026 -0.336414656 1.173017787 -0.597495890 -0.441322816 0.381000622 0.550519173
success left 0.643499464 -0.342872759 1.054370895 -0.589075749 -0.425169017 0.396232639 0.561445246
success left 0.640195226 -0.349192951 1.061805158 -0.588982756 -0.426363646 0.393926196 0.562259288
success left 0.638786429 -0.306709790 1.124748137 -0.590406670 -0.439696854 0.391251867 0.552275852
success left 0.632663448 -0.277934316 1.173729256 -0.593277948 -0.447432591 0.389313483 0.544298047
success left 0.638813332 -0.302490759 1.149188222 -0.591918680 -0.443063239 0.388574196 0.549852104
success left 0.626010139 -0.353706267 1.074495880 -0.591350830 -0.426746648 0.391709598 0.561030378
success left 0.622709453 -0.314207372 1.187983305 -0.596134330 -0.446508990 0.382189545 0.546977819
success left 0.663404900 -0.329001873 1.047395052 -0.586361794 -0.426397730 0.399056602 0.561354301
success left 0.656778241 -0.346986818 0.991845678 -0.585168553 -0.416139030 0.404332617 0.566499080
success left 0.622951042 -0.372245253 1.202597981 -0.604634802 -0.438919715 0.373126475 0.550038974
fail left 0.000000000 0.000000000 0.000000000 0.000000000 0.000000000 0.000000000 1.000000000
fail left 0.000000000 0.000000000 0.000000000 0.000000000 0.000000000 0.000000000 1.000000000
fail left 0.000000000 0.000000000 0.000000000 0.000000000 0.000000000 0.000000000 1.000000000
fail left 0.000000000 0.000000000 0.000000000 0.000000000 0.000000000 0.000000000 1.000000000
fail left 0.278815072 3.484824875 0.753435894 0.315853937 0.640499012 0.584507306 0.385160376
fail left 0.564239795 -0.334677092 0.765170689 -0.553284841 -0.424126835 0.395271171 0.598124580
fail left 0.806707750 -0.238827905 1.011525890 -0.570877081 -0.433915184 0.429169138 0.549209270
fail left 0.526633418 -0.490998276 1.037854072 -0.604771984 -0.398401342 0.379977767 0.575451227
fail left 0.794372569 -0.240433303 1.000841855 -0.570563072 -0.433591244 0.426692275 0.551715612
fail left 0.673907606 -0.287869116 1.049154192 -0.586445195 -0.425780701 0.408875593 0.554629225
fail left 0.742799295 -0.290787234 0.979336233 -0.574267415 -0.422279372 0.420740496 0.561136795
fail left 0.668858238 -0.317779133 1.002872624 -0.583183070 -0.419975352 0.408610040 0.562633136
fail left 0.662188533 -0.328800433 1.051185462 -0.590133242 -0.422395529 0.402631088 0.557864661
fail left 0.640068415 -0.331267066 1.021672156 -0.586807179 -0.420739143 0.402889265 0.562419903
fail left 0.828577946 -0.174144958 1.016482249 -0.565861714 -0.443296511 0.433899556 0.543157343
fail left 0.661721160 -0.288686397 1.046570673 -0.586604006 -0.426260114 0.407075341 0.555416710
fail left 0.766087111 -0.200760112 1.014439709 -0.571797466 -0.436056057 0.424706623 0.550024597
fail left 0.572476533 -0.398714771 1.031154622 -0.593807402 -0.415242176 0.389445528 0.568593779
fail left 0.768243902 -0.235026590 1.026578286 -0.575448384 -0.430474790 0.425986753 0.549623415
fail left 0.667824276 -0.305161124 1.031444093 -0.584858827 -0.424699017 0.406888146 0.558581179
fail left 0.544960648 -0.468847185 1.030193619 -0.601998980 -0.400199600 0.383573419 0.574725100
fail left 0.666884862 -0.314407963 1.028895575 -0.585664956 -0.422591349 0.406881467 0.559339416
fail left 0.836754884 -0.155681871 1.019711116 -0.564291419 -0.445365537 0.436391356 0.541098250
fail left 0.000000000 0.000000000 0.000000000 0.000000000 0.000000000 0.000000000 1.000000000
fail left 0.560737138 -0.529712639 0.894059270 -0.587347376 -0.378436931 0.395992322 0.595817615
fail left 0.478354665 -0.615897125 0.823455243 -0.586808804 -0.364212966 0.382650229 0.613663706
fail left 0.755722338 -0.265371493 1.027036234 -0.577837256 -0.426499875 0.423859928 0.551855709
fail left 0.784100540 -0.224145045 1.007942074 -0.566124234 -0.441948616 0.431845698 0.545613477
fail left 0.639332742 -0.313025810 1.033360189 -0.609485274 -0.395707556 0.375350279 0.575374138
fail left 0.688140155 -0.245759645 1.064551341 -0.684487429 -0.316892985 0.311913221 0.577724795
fail left 0.620966375 -0.278533882 1.002213519 -0.701711791 -0.271939858 0.257477568 0.606097829
fail left 0.662047720 -0.224068658 1.042873437 -0.694730654 -0.270653062 0.245126966 0.619684605
success left 0.689712319 -0.218216444 1.058567464 -0.695993710 -0.255075220 0.212078273 0.636829800
fail left 0.739436447 -0.146073761 1.054422965 -0.707793485 -0.200819802 0.183166603 0.652035110
fail left -0.763744309 1.494835124 1.066795901 0.717734007 0.532081699 -0.411030802 -0.181109473
success left 0.772548079 -0.127006194 1.040878282 -0.698876078 -0.187843514 0.177248301 0.666985818
success left 0.769806752 -0.142635187 1.018089114 -0.695398731 -0.190508509 0.175932005 0.670205225
success left 0.743346833 -0.151211860 1.045974359 -0.700028685 -0.179931093 0.167911231 0.670365915
fail left 0.778303614 -0.115323605 1.004522607 -0.698020970 -0.158573581 0.138393225 0.684447558
success left 0.746107139 -0.128888418 1.008381784 -0.693467024 -0.093459958 0.082878935 0.709577202
fail left 0.840888374 -0.061583299 0.973277074 -0.688942619 -0.022547572 0.051237266 0.722650965
fail left 0.528484881 3.547599327 0.758830026 -0.050628077 0.757729300 0.649184893 -0.042919468
fail left 0.677840755 -0.080970675 0.940920669 -0.688538631 0.012152035 -0.018860408 0.724852514
success left 0.729340828 -0.073076713 0.933645720 -0.687698666 0.003424509 -0.007626000 0.725948112
success left 0.699913920 -0.075152851 0.911448983 -0.683579566 0.009482575 -0.011793720 0.729719101
success left 0.707016477 -0.080584937 0.902664005 -0.683544860 0.002721798 -0.005039259 0.729886033
fail left 0.703953674 -0.189074025 1.057934302 -0.682970543 -0.140443090 0.160658908 0.698581199
fail left 0.686222259 -0.214371828 1.006478140 -0.658610666 -0.306039247 0.272790956 0.630996881
fail left 0.773005837 -0.143264446 0.997004096 -0.651326304 -0.323958711 0.282136761 0.625478734
success left 0.773258819 -0.135373327 1.003375861 -0.653365396 -0.329121781 0.279006128 0.622051520
success left 0.779215678 -0.134766811 0.989617398 -0.650753459 -0.330756458 0.278271486 0.624247612
fail left 0.566740136 -0.364229444 0.954454895 -0.666375777 -0.283391383 0.243283527 0.645326098
fail left 0.564938098 -0.361521604 0.922552722 -0.661376152 -0.283722159 0.243433349 0.650248819
fail left 0.687713396 -0.215749201 1.036199668 -0.645276378 -0.331551194 0.311868427 0.613539148
fail left -2.794715653 2.890854913 0.325001790 -0.216835452 0.764602935 0.594380099 -0.122788582
fail left 0.635510233 -0.323373760 1.040530779 -0.595484515 -0.377159525 0.414215618 0.575824892
fail left 0.822307493 -0.139863926 1.003331956 -0.560247268 -0.435337465 0.448017303 0.543952926
fail left 0.642975489 -0.294719756 1.044208200 -0.582513895 -0.420076057 0.420904797 0.554123470
fail left 0.000000000 0.000000000 0.000000000 0.000000000 0.000000000 0.000000000 1.000000000
fail left 0.449284589 -0.437539364 1.125803217 -0.602600059 -0.419118301 0.390179664 0.555853262
fail left 0.529469499 -0.371988154 1.158782279 -0.598653110 -0.427809531 0.404401717 0.543187547
fail left 0.439403645 -0.417298596 1.216364611 -0.611886420 -0.426847676 0.389111066 0.540359740
fail left 0.543794879 -0.367550823 1.129558087 -0.592968221 -0.429154342 0.409212970 0.544756813
fail left 0.593734170 -0.342778214 1.095501792 -0.586107147 -0.428601174 0.419723250 0.544620821
fail left 0.602906125 -0.353123959 1.080652081 -0.584516037 -0.425868037 0.422101007 0.546633476
fail left 0.529685751 -0.350481277 1.125453475 -0.590565163 -0.430336005 0.414030147 0.542791625
fail left 0.509949847 -0.351169824 1.110240206 -0.590247040 -0.429460273 0.412506093 0.544987183
fail left 0.830328433 -0.114901318 1.022611431 -0.550192962 -0.448895448 0.468143262 0.525949111
fail left 0.645001160 -0.286639595 1.028191026 -0.632843784 -0.355098723 0.379585457 0.573871521
fail left 0.787249668 -0.133384919 1.036000282 -0.660360398 -0.292780289 0.323424589 0.611228584
fail left 0.650099090 1.735199112 0.932430674 -0.720416398 -0.224240297 0.269352107 0.598469670
fail left -0.004163444 3.607072124 1.037719847 0.103419658 0.684938370 0.712662493 0.110797001
fail left 0.703343728 -0.201486640 1.010910686 -0.675251543 -0.238932258 0.232203021 0.658049000
fail left 0.705543391 -0.208100440 1.053113406 -0.681233373 -0.243033572 0.234385888 0.649552947
fail left 0.765945468 -0.154518054 1.020357773 -0.668904238 -0.262446967 0.247382533 0.649992763
fail left 0.739718031 -0.213983337 1.021868955 -0.671854095 -0.256627190 0.247629996 0.649179441
success left 0.800189288 -0.152423243 0.992051381 -0.653685560 -0.291547718 0.273998453 0.642355015
fail left 0.712009590 -0.172405647 1.015579335 -0.685860576 -0.233555859 0.211507503 0.655981331
fail left 0.827363352 -0.077778961 1.039128384 -0.675622021 -0.156116178 0.080023299 0.716071851
fail left 17.440526569 -69.394122366 -536.794793303 -0.036624337 0.107967813 -0.399122960 0.909781552
fail left 0.768194231 -0.052464279 0.928776358 -0.687668936 0.046631202 -0.044440780 0.723161104
fail left 0.699741741 -0.072996702 0.958432161 -0.692210788 0.057257449 -0.059601103 0.716947361
fail left -14.533155233 11.314764438 19.241429114 -0.434191161 0.079682451 0.889186603 -0.120315948
fail left 0.814526094 -0.053095070 0.957994007 -0.694145244 0.036474858 -0.037237961 0.717945193
success left 0.765357871 -0.053925939 0.918959934 -0.686891487 0.046796961 -0.043148469 0.723967084
fail left 0.048336201 3.335885629 0.403557582 -0.177186257 0.793325470 0.551413991 -0.187569561
fail left 0.915785816 -0.120612035 1.857239147 -0.843028374 -0.044238875 0.013731105 0.535870823
success left 0.726875353 -0.129907880 1.082282535 -0.709979084 -0.125611245 0.115494217 0.683236855
success left 0.809820651 -0.096862601 1.005156672 -0.685667552 -0.177489368 0.169932418 0.685186475
success left 0.806001037 -0.116129328 0.989561707 -0.673790553 -0.215856565 0.209339580 0.674973462
success left 0.781824071 -0.120852581 1.016601527 -0.677356663 -0.224180140 0.219143097 0.665512974
fail left 0.246512349 3.430700268 0.651920263 0.098556058 0.755581364 0.631896580 0.141739963
success left 0.792733226 -0.105477118 1.027348850 -0.678624894 -0.227038865 0.221889737 0.662334169
fail left 0.695257486 -0.203626278 1.030218720 -0.672895728 -0.247479072 0.246003789 0.652263432
fail left 0.819600706 -0.064616837 0.994970007 -0.607196943 -0.375205149 0.374644467 0.591755433
fail left 0.660037653 -0.265603741 1.031874465 -0.626550064 -0.353274199 0.355894152 0.596633648
fail left 0.622975518 -0.320925596 1.022833008 -0.630394624 -0.344983656 0.347637284 0.602276691
fail left 0.652083444 -0.264823927 1.034084243 -0.627058014 -0.353611903 0.354908788 0.596486899
fail left 0.569309086 -0.310842825 1.151841691 -0.625665124 -0.391559640 0.366996356 0.566160645
fail left 0.000000000 0.000000000 0.000000000 0.000000000 0.000000000 0.000000000 1.000000000
fail left 0.786176591 -0.196677492 1.030530623 -0.584149763 -0.414070663 0.435539360 0.545545604
fail left 0.570258711 -0.357693691 1.118449548 -0.612051906 -0.403876522 0.391118971 0.556149414
fail left 0.617088153 -0.333304803 1.096009911 -0.607585699 -0.403490199 0.399462510 0.555396237
fail left 0.844760065 -0.124107017 1.033246111 -0.574900256 -0.428842614 0.444617724 0.536562007
fail left 0.539476785 -0.346604203 1.128992699 -0.612051393 -0.408768592 0.389670451 0.553586732
fail left 0.643364669 -0.339976670 1.053234022 -0.574160973 -0.438093522 0.443887649 0.530449807
fail left 0.674236926 -0.305966009 1.021781138 -0.565415872 -0.443802493 0.450363534 0.529638487
fail left 0.830207274 -0.164691827 1.016781645 -0.547958879 -0.459390009 0.474705998 0.513182328
fail left 0.812711241 -0.195301777 1.014631800 -0.550829942 -0.454592385 0.472250494 0.516634889
fail left 0.606355610 -0.374710627 1.110882589 -0.584774906 -0.437998792 0.432661629 0.528203826
fail left 0.711925721 -0.236117653 1.047631127 -0.617409094 -0.374155459 0.384784248 0.575112846
fail left 0.692578533 -0.211295112 1.011166006 -0.668703528 -0.254106325 0.260255639 0.648484826
fail left 0.000000000 0.000000000 0.000000000 0.000000000 0.000000000 0.000000000 1.000000000
success left 0.796752469 -0.140480194 1.000219758 -0.671375945 -0.236124050 0.238534038 0.660758115
success left 0.799765757 -0.136862689 1.008293437 -0.674940871 -0.227125366 0.231681291 0.662716129
success left 0.804929707 -0.129078593 0.997558786 -0.672301615 -0.227845453 0.232083844 0.665006825
fail left 0.756825068 1.691484038 1.386875035 0.612192119 0.448508658 -0.515331886 -0.398112849
success left 0.788770824 -0.130278973 1.012080383 -0.674065315 -0.227973769 0.232369262 0.663074987
fail left 0.753005636 -0.123242023 1.075231951 -0.696987894 -0.191419664 0.198560807 0.661921441
success left 0.776326309 -0.105886603 0.973379665 -0.695201410 -0.095500045 0.102615174 0.705014090
success left 0.773092848 -0.097771269 0.945544472 -0.691626790 -0.083290586 0.089165988 0.711873927
success left 0.774320005 -0.120464009 1.016003782 -0.704021842 -0.097872216 0.090696744 0.697530197
success left 0.774430917 -0.122391132 1.049823253 -0.709718318 -0.101816574 0.093251028 0.690823813
success left 0.776950648 -0.124965519 1.044723450 -0.707464955 -0.110681460 0.101049338 0.690675020
success left 0.752620990 -0.140741514 1.063573123 -0.709991362 -0.117968137 0.107518905 0.685882985
success left 0.771922792 -0.133994861 1.048120533 -0.704705358 -0.135239367 0.126481148 0.684911083
success left 0.782779471 -0.131957787 1.043149630 -0.702626039 -0.140949253 0.133544853 0.684555132
success left 0.760148169 -0.136387365 1.056097864 -0.705409634 -0.138922564 0.129089550 0.682959484
success left 0.767424885 -0.136058469 1.058043493 -0.705321140 -0.141118808 0.132829519 0.681882607
success left 0.770878243 -0.139059552 1.062564247 -0.705765260 -0.142981912 0.133942660 0.680816373
success left 0.768721034 -0.141473516 1.064041152 -0.706328137 -0.141883987 0.133803473 0.680489624
success left 0.760141529 -0.140410786 1.070867685 -0.707693100 -0.141966560 0.132264396 0.679354179
success left 0.755065883 -0.142732424 1.074748374 -0.708799664 -0.140635553 0.132166055 0.678495992
fail left 0.000000000 0.000000000 0.000000000 0.000000000 0.000000000 0.000000000 1.000000000
success left 0.754956248 -0.154102204 1.035884970 -0.699028033 -0.159519521 0.148498908 0.681073715
fail left 0.287518994 1.739303615 1.399951576 0.595132193 0.492504104 -0.567925661 -0.284108824
fail left 0.395250103 1.728751719 1.328540058 -0.738542385 -0.115617330 0.128316338 0.651707523
success left 0.775046255 -0.138320151 1.048105791 -0.698677161 -0.163782008 0.154645311 0.679051181
success left 0.771868238 -0.145014225 1.029133014 -0.695505450 -0.163250644 0.153260088 0.682739147
fail left 0.475963191 3.334976479 0.451119284 0.065600141 0.799035770 0.583165632 0.130982076
success left 0.777897059 -0.129696207 1.042135170 -0.697156393 -0.168785308 0.157750844 0.678674557
fail left 0.574903465 1.797996705 1.463142999 -0.714953442 -0.319562704 0.274211259 0.558148224
fail left 0.383899272 1.771630201 1.436843790 0.686576315 0.548768611 -0.424740722 -0.216936151
success left 0.774968734 -0.136625282 1.045685011 -0.697175730 -0.166912830 0.157704161 0.679128490
success left 0.768210575 -0.137876959 1.048514096 -0.698036742 -0.166381193 0.156648514 0.678618633
success left 0.771336566 -0.140502923 1.065861774 -0.700727242 -0.166689436 0.156189702 0.675870359
success left 0.790775212 -0.113397442 0.950725031 -0.679148927 -0.170292056 0.161325846 0.695507959
success left 0.814998579 -0.101862332 0.992318159 -0.685216397 -0.176496426 0.165130170 0.687065884
fail left 0.210043789 1.710339332 1.316792971 -0.704031609 -0.118645578 0.259400961 0.650364406
fail left 0.973716173 1.719031269 1.106476816 0.760394520 0.295571400 -0.310197604 -0.488072912
fail left 0.641147366 -0.215255314 1.050045978 -0.666360289 -0.272972573 0.270753882 0.638860137
fail left 0.817516069 -0.163711850 1.025472330 -0.633705470 -0.329656857 0.340490752 0.611399854
success left 0.815764666 -0.153978156 0.995292166 -0.628499975 -0.335493560 0.332594271 0.617910110
fail left 0.635794514 -0.331504359 1.000024618 -0.647073229 -0.299655829 0.304416099 0.631532627
fail left 0.791821120 -0.169100780 0.989498678 -0.629984779 -0.331640742 0.328851719 0.620475740
success left 0.826540835 -0.140686841 0.991039376 -0.626530827 -0.337502170 0.336118147 0.616908421
success left 0.822605020 -0.147642334 0.986854498 -0.626254455 -0.338322150 0.335392376 0.617134859
fail left 0.657282447 -0.298071846 1.012486457 -0.608874900 -0.379667984 0.374418070 0.587311406
fail left 0.455297236 -0.405028496 1.240645902 -0.641384538 -0.391575736 0.344014404 0.562981711
fail left 0.558165308 -0.351708652 1.182378297 -0.627464674 -0.392599898 0.364729252 0.564912361
fail left 0.000000000 0.000000000 0.000000000 0.000000000 0.000000000 0.000000000 1.000000000
fail left 0.532439205 -0.358320595 1.155080464 -0.625491891 -0.391830076 0.363336590 0.568520543
fail left 0.000000000 0.000000000 0.000000000 0.000000000 0.000000000 0.000000000 1.000000000
fail left 0.650591446 -0.324244072 1.006367654 -0.602602274 -0.387140788 0.386134236 0.581285524
fail left 0.000000000 0.000000000 0.000000000 0.000000000 0.000000000 0.000000000 1.000000000
fail left 0.678965459 -0.296511231 1.060657479 -0.607015741 -0.391915498 0.388811713 0.571628887
fail left 0.515162833 -0.363975323 1.151687989 -0.625917992 -0.391868272 0.360881409 0.569588039
fail left 0.000000000 0.000000000 0.000000000 0.000000000 0.000000000 0.000000000 1.000000000
fail left 0.831493713 -0.162031751 1.004608246 -0.584086756 -0.407518200 0.422645864 0.560483766
fail left 0.000000000 0.000000000 0.000000000 0.000000000 0.000000000 0.000000000 1.000000000
fail left 0.828843423 -0.140951435 1.031771831 -0.578760507 -0.421692865 0.435600464 0.545402272
fail left 0.000000000 0.000000000 0.000000000 0.000000000 0.000000000 0.000000000 1.000000000
fail left 0.478287439 -0.412626401 1.165635366 -0.602691786 -0.431280630 0.404398896 0.535930184
fail left 0.532430691 -0.383385672 1.134984974 -0.595370549 -0.434280610 0.411819923 0.536039749
fail left 0.487063607 -0.415710076 1.169799091 -0.602748212 -0.431428380 0.404760954 0.535474291
fail left 0.482429874 -0.397001075 1.160435612 -0.601811435 -0.432506673 0.405719202 0.534932616
fail left 0.807132743 -0.211339633 1.027290108 -0.558468224 -0.446471001 0.461298666 0.525338394
fail left 0.541055005 -0.383344411 1.106044058 -0.590825907 -0.431293806 0.417020392 0.539448231
fail left 0.779089973 -0.209692129 1.022151213 -0.559415429 -0.445978226 0.457590229 0.527985778
fail left 0.850770878 -0.140458488 1.017823993 -0.549233255 -0.456503928 0.469927334 0.518763237
fail left 0.857022569 -0.120654058 1.046647851 -0.572910222 -0.432423229 0.446845635 0.533959743
fail left 0.708835940 -0.321239037 1.047962184 -0.622066131 -0.358153191 0.377817601 0.584819528
fail left 0.609766509 -0.272907309 1.033642853 -0.664851787 -0.276244910 0.276088537 0.636738542
success left 0.781279210 -0.173800285 1.024799357 -0.659116415 -0.279514969 0.278617779 0.640163312
fail left 0.444682908 -0.380888114 1.218241412 -0.713130565 -0.212687769 0.232826065 0.626099620
fail left 0.753405488 -0.190864828 1.067595007 -0.668376046 -0.272661548 0.276086484 0.634590731
fail left -0.002785524 3.584544374 0.948875393 0.139560284 0.696798568 0.688492711 0.144818745
fail left -0.011244930 3.615881156 1.009777617 0.142232392 0.686297316 0.699420172 0.139919135
fail left 0.590022700 -0.359163079 0.974161679 -0.661008589 -0.278087449 0.279086168 0.638628161
fail left 0.704482566 -0.245494950 1.011016279 -0.653534358 -0.302246485 0.301496977 0.625011583
fail left -0.863279042 3.689226046 1.898161747 0.133454203 0.531091170 0.836723719 -0.005055999
fail left 0.765701909 -0.187080073 1.021400092 -0.656112006 -0.304206495 0.308505173 0.617899671
fail left 0.801778051 -0.099549008 0.966216621 -0.658481948 -0.213718179 0.234341053 0.682502992
fail left 0.750518341 -0.144570224 1.014755618 -0.672338676 -0.191710647 0.215681025 0.681681325
fail left 0.000000000 0.000000000 0.000000000 0.000000000 0.000000000 0.000000000 1.000000000
fail left 0.796405946 -0.105524392 0.981810156 -0.661474622 -0.199117236 0.226616020 0.686621315
success left 0.805581391 -0.134412910 1.015050156 -0.668306656 -0.197584362 0.224290092 0.681190566
fail left 0.000000000 0.000000000 0.000000000 0.000000000 0.000000000 0.000000000 1.000000000
fail left 0.652483114 1.758066362 1.347006845 0.693714333 0.415163666 -0.432151958 -0.399555051
success left 0.807456265 -0.133392191 1.002830834 -0.666348243 -0.196728198 0.223161393 0.683722918
fail left 0.000000000 0.000000000 0.000000000 0.000000000 0.000000000 0.000000000 1.000000000
success left 0.802392432 -0.126230685 0.983944600 -0.663633019 -0.192953116 0.220807038 0.688189337
success left 0.766890218 -0.138176618 1.017837346 -0.687235531 -0.089836785 0.109446374 0.712501346
success left 0.770360450 -0.134850094 1.023985071 -0.688253233 -0.090709038 0.110650703 0.711221330
success left 0.790632250 -0.109883108 1.002189330 -0.683344636 -0.094478468 0.115700899 0.714651824
success left 0.824204894 -0.102849297 1.012181347 -0.684435365 -0.099840453 0.120811430 0.712028590
success left 0.772916333 -0.136801525 1.034514167 -0.690006319 -0.091559168 0.110804193 0.709387503
fail left 0.752411233 -0.138205748 1.006175095 -0.685070106 -0.088783242 0.110147188 0.714607642
success left 0.765456596 -0.144185951 0.992482310 -0.682415191 -0.093983822 0.114294979 0.715830431
success left 0.756253352 -0.143803453 0.991978972 -0.683739324 -0.110207332 0.127968480 0.709914748
fail left 0.720947927 -0.142006621 1.082056236 -0.673407061 -0.276666716 0.266394015 0.631674510
fail left 0.697961217 -0.287691570 0.987342825 -0.630718853 -0.334206851 0.337981825 0.613406713
fail left 0.607138742 -0.339695991 1.165637471 -0.666388628 -0.308177350 0.335222656 0.590405529
fail left 0.630592410 -0.250810664 1.166525089 -0.645036899 -0.358584398 0.319452247 0.594386146
fail left 0.687976684 -0.273340581 1.043304167 -0.636653294 -0.339162217 0.336067249 0.605557906
fail left 0.695601716 -0.282639019 0.980932836 -0.629629862 -0.334208778 0.339252953 0.613822583
fail left 0.661152807 -0.315529883 0.951126260 -0.627569499 -0.329586826 0.332777022 0.621923227
fail left 0.698697716 -0.284108301 0.996067027 -0.631048122 -0.335903866 0.338805344 0.611684396
fail left -0.178075584 3.663144702 1.001977248 0.199735752 0.669767042 0.690335699 0.186960855
fail left 0.630848729 -0.346130645 0.969830588 -0.631899058 -0.331635603 0.333952776 0.615789697
fail left 0.547331385 -0.387761668 1.153801510 -0.600791473 -0.440509651 0.406854284 0.528649643
fail left 0.672719974 -0.303764158 1.039276656 -0.578718053 -0.437753336 0.436946134 0.531540693
fail left 0.538444153 -0.380095854 1.107984356 -0.595340144 -0.436957324 0.412852111 0.533096187
fail left 0.772465991 -0.158239232 1.043981764 -0.565138217 -0.455045866 0.454624257 0.516593496
fail left 0.563163370 -0.392101608 1.073970293 -0.590909282 -0.434609125 0.415771878 0.537656838
fail left 0.552817558 -0.387645167 1.118546364 -0.596013467 -0.438392975 0.411477995 0.532226837
fail left 0.609220468 -0.368745182 1.076369967 -0.589858418 -0.434330813 0.422166231 0.534040696
fail left 0.000000000 0.000000000 0.000000000 0.000000000 0.000000000 0.000000000 1.000000000
fail left 0.564707916 -0.382961546 1.089391034 -0.594657591 -0.431897682 0.413495694 0.537464466
fail left 0.578176593 -0.368335959 1.118023166 -0.595148652 -0.437914546 0.411890996 0.533267982
fail left 0.393931416 -0.618715870 0.842508354 -0.639292543 -0.285841846 0.294050915 0.650487159
fail left 0.683931077 -0.237104087 0.988921608 -0.661477424 -0.277016978 0.276634612 0.639673747
fail left 0.699347769 -0.226704695 1.036402846 -0.669885147 -0.271587339 0.280184335 0.631657301
fail left 0.000562800 3.616613105 0.881999446 0.143598814 0.698403940 0.682561464 0.160378193
fail left 0.633682144 -0.304764596 0.949410785 -0.659865441 -0.263691012 0.266951409 0.650985096
fail left 0.593942647 -0.346226842 1.008436870 -0.674562776 -0.247585311 0.259713528 0.645147625
fail left 0.730340228 -0.234178421 0.986289962 -0.660137755 -0.275209448 0.284136147 0.638548788
fail left 0.692576133 -0.298292365 0.959359155 -0.659524756 -0.266087755 0.275669301 0.646707693
fail left 0.719529722 -0.250531032 0.979564422 -0.659870624 -0.273301401 0.281622159 0.640754293
fail left 0.000000000 0.000000000 0.000000000 0.000000000 0.000000000 0.000000000 1.000000000
fail left 0.668816028 -0.245945169 1.050477082 -0.673873291 -0.266596864 0.273626929 0.632415373
fail left 0.719895231 -0.178256009 1.033699948 -0.663962036 -0.283628536 0.275949244 0.634477173
success left 0.778280410 -0.143751407 1.053706221 -0.706858349 -0.122416275 0.119990377 0.686270967
success left 0.779349648 -0.145624110 1.072823128 -0.710091900 -0.121917542 0.120760906 0.682878035
success left 0.789600211 -0.139332116 1.034828856 -0.702930801 -0.124046404 0.122323690 0.689592411
success left 0.783127767 -0.142385975 1.043230545 -0.704528185 -0.122713120 0.121258598 0.688387885
success left 0.783711619 -0.143100581 1.042088185 -0.704390794 -0.122083523 0.121088509 0.688670309
fail left 0.710160002 -0.169291450 1.046008606 -0.707847780 -0.110961291 0.108261326 0.689143380
success left 0.784276009 -0.147276471 1.078867268 -0.709866169 -0.114408640 0.115222715 0.685364436
success left 0.788084118 -0.141481969 1.026506704 -0.692853807 -0.104805396 0.110624583 0.704791907
fail left 0.000000000 0.000000000 0.000000000 0.000000000 0.000000000 0.000000000 1.000000000
success left 0.783579897 -0.139963611 1.019822125 -0.691867339 -0.103276746 0.107957589 0.706398370
fail left 0.851109204 -0.090890022 0.977259001 -0.683218664 -0.065218279 0.063544961 0.724514231
fail left 0.279807086 3.406563502 0.504584114 -0.100240188 0.806872568 0.575711741 -0.086397658
fail left 0.685700023 -0.103264785 0.969357665 -0.683339880 0.008358007 -0.010163370 0.729981821
fail left 0.750078248 -0.096803495 0.970904961 -0.687276478 -0.007592852 0.008529835 0.726306157
fail left 0.709607216 -0.096373361 0.969892791 -0.691268956 -0.004745220 0.005765382 0.722558976
success left 0.762543473 -0.086378318 0.908897326 -0.683150498 -0.035229094 0.036082800 0.728534378
fail left 0.710800081 -0.107908330 0.931013709 -0.686969642 -0.045293887 0.043350226 0.723976473
fail left 0.775859921 -0.125843052 1.019773091 -0.702855496 -0.069440315 0.061017185 0.705300715
fail left 0.800993518 -0.118831494 0.964838849 -0.692067211 -0.074647614 0.068447582 0.714692688
success left 0.745332966 -0.156420662 0.987743701 -0.697481239 -0.070131546 0.061810309 0.710479396
fail left 0.804554788 -0.116858215 0.966700959 -0.691805801 -0.083360547 0.076356080 0.713179852
fail left 0.771314065 -0.139579518 0.955125537 -0.690562196 -0.076798859 0.069293548 0.715838105
success left 0.839443704 -0.103315546 0.998889753 -0.696836092 -0.089964631 0.082731519 0.706739925
fail left 0.719317128 -0.109981011 0.924523072 -0.685008754 -0.064945059 0.063179926 0.722878581
success left 0.846180003 -0.098322157 0.958618230 -0.689605690 -0.089589275 0.084438191 0.713644131
fail left 0.793874400 -0.136889866 0.981375668 -0.695281086 -0.080827632 0.072620134 0.710476897
fail left 36.207254774 166.137264008 241.069261482 0.148742354 0.216225973 0.952641765 -0.153608944
success left 0.798436700 -0.129333613 1.006113480 -0.699349606 -0.082840685 0.074115726 0.706083854
fail left 0.602463209 -0.116550201 0.937132745 -0.688324038 -0.043716836 0.042913873 0.722812048
fail left 0.741739188 -0.106008870 0.940749163 -0.687809106 -0.068980999 0.068060523 0.719394204
fail left 0.656658366 -0.118832370 0.924482149 -0.686143549 -0.053146306 0.051788111 0.723671536
fail left 0.715673562 -0.111680561 0.933933904 -0.687025642 -0.064335385 0.062837494 0.721046583
fail left 0.571286531 -0.107925001 0.925533946 -0.686478359 -0.037492824 0.036606997 0.725259732
fail left 0.724560804 -0.111697595 0.919243401 -0.684323064 -0.065929928 0.064304725 0.723339541
fail left -0.693177072 1.500496707 1.289382268 0.792944727 -0.342741322 0.387719198 -0.321622246
fail left 0.000000000 0.000000000 0.000000000 0.000000000 0.000000000 0.000000000 1.000000000
fail left 0.791711182 -0.118135117 0.951130350 -0.689376271 -0.080770620 0.075432740 0.715923435
fail left 0.768798219 -0.139833053 0.960775313 -0.691759603 -0.076245381 0.070518685 0.714620465
fail left 0.768586304 -0.142343907 0.958467391 -0.691529214 -0.075956944 0.069869404 0.714937868
fail left 0.743323461 -0.141914031 0.966835089 -0.693369696 -0.072366189 0.064706107 0.714013108
fail left 0.720904271 -0.107107723 0.917730085 -0.683850163 -0.064854935 0.064046867 0.723906617
fail left 0.793287725 -0.124544298 0.975264654 -0.693972028 -0.081175287 0.074824339 0.711487677
success left 0.830077545 -0.108114976 1.002943449 -0.698026053 -0.088529717 0.081158392 0.705928774
fail left 0.793307065 -0.135831462 1.005696985 -0.699534799 -0.081739131 0.073224485 0.706121770
fail left 0.720436943 -0.157852940 0.987202655 -0.697730345 -0.069272466 0.061003705 0.710388794
fail left 0.129347824 3.474287497 0.534809204 -0.063692633 0.791036600 0.607124956 -0.040045394
fail left 0.724639408 -0.109472158 0.909697878 -0.682417427 -0.065425023 0.064853095 0.725134538
fail left -25191.729701685 9619.039991590 13170.210893374 -0.446473933 0.274342586 0.816911480 -0.240941500
fail left 0.761653600 -0.138480090 0.941329547 -0.688208822 -0.075476341 0.068921022 0.718276989
fail left 0.716212654 -0.110395159 0.938195672 -0.687675067 -0.064355393 0.063158021 0.720397425
fail left 0.000000000 0.000000000 0.000000000 0.000000000 0.000000000 0.000000000 1.000000000
fail left 0.214254623 3.494253762 0.653728736 -0.047084823 0.772766705 0.632524820 -0.022956284
fail left 0.619363541 -0.113123985 0.944836540 -0.689573613 -0.046289983 0.046389395 0.721244407
fail left 0.743581301 -0.143464224 0.954472386 -0.690991043 -0.072803922 0.067344445 0.716027719
fail left 0.760005678 -0.137466760 1.038186592 -0.705737259 -0.077881347 0.069594697 0.700732471
fail left 0.597734306 -0.118400903 0.925695633 -0.686526348 -0.042907769 0.041509014 0.724649915
fail left 0.715681308 -0.112630058 0.941768435 -0.688501889 -0.064777636 0.062479521 0.719628596
fail left 0.589457994 -0.107475430 0.953051688 -0.691307331 -0.041240131 0.040508123 0.720244762
success left 0.790337301 -0.139089300 1.023569841 -0.702941485 -0.081154947 0.071845264 0.702940539
fail left 0.721151655 -0.113733843 0.927634474 -0.685790642 -0.065304579 0.063697784 0.722058930
fail left 0.717407700 -0.109430810 0.935145824 -0.687057553 -0.064577810 0.063095434 0.720971977
success left 0.781148723 -0.140386737 1.006809502 -0.700031720 -0.079892453 0.071002699 0.706067563
fail left 0.725595744 -0.110762472 0.914982724 -0.683417052 -0.065053197 0.065475116 0.724170024
success left 0.829636179 -0.109674078 1.001080806 -0.697762401 -0.088196949 0.081195707 0.706226725
fail left 0.761181022 -0.134384570 0.946302260 -0.689173416 -0.074967903 0.068758278 0.717420459
fail left 0.762952828 -0.135649807 0.939427988 -0.687857349 -0.075371030 0.069756478 0.718544020
fail left 0.771319123 -0.134822598 1.047686719 -0.707287408 -0.080748883 0.071603939 0.698639403
fail left 0.787644515 -0.142193841 1.044909326 -0.706547925 -0.081920868 0.072071584 0.699202894
fail left 0.777993528 -0.139485359 1.012006810 -0.700684013 -0.080154671 0.070969389 0.705393854
success left 0.795249678 -0.114829252 0.953526795 -0.689283547 -0.082727783 0.076998809 0.715622449
fail left 0.058924527 3.561683257 0.811663265 -0.071361281 0.742018956 0.664520939 -0.052224116
fail left 0.776009094 -0.139870957 1.025022528 -0.703065723 -0.080647953 0.071017610 0.702958745
fail left 0.780720697 -0.135940342 1.004313705 -0.699143740 -0.081397982 0.071421194 0.706732914
fail left 0.788744880 -0.129921024 0.989400647 -0.696406279 -0.081694095 0.073856213 0.709147114
fail left 0.000000000 0.000000000 0.000000000 0.000000000 0.000000000 0.000000000 1.000000000
fail left 0.644931399 -0.115946344 0.919892787 -0.685026105 -0.051898662 0.050312403 0.724923739
fail left 0.787412707 -0.142780921 1.026841486 -0.703473085 -0.081664161 0.072612436 0.702270616
fail left 0.795395360 -0.134689157 1.018847499 -0.701642319 -0.083446314 0.074357882 0.703708515
fail left 0.712394327 -0.140049228 0.965188374 -0.692983725 -0.068760608 0.061963431 0.714986761
fail left 0.778388483 -0.132017668 1.002443976 -0.698774609 -0.081349563 0.072933498 0.706949079
success left 0.838145124 -0.101576074 0.989556118 -0.695116884 -0.090727593 0.083451747 0.708249128
fail left 0.793823562 -0.140611913 1.022638684 -0.702579313 -0.082644020 0.073608315 0.702946719
success left 0.785474668 -0.137050568 0.997334768 -0.697999945 -0.080891780 0.073273287 0.707731320
success left 0.795506081 -0.127455007 1.005451231 -0.699182258 -0.083441130 0.075503047 0.706031896
fail left 0.796867873 -0.130516766 1.005353399 -0.699176216 -0.083273996 0.075490313 0.706058973
fail left 0.795531928 -0.122903836 0.997470745 -0.697595824 -0.083526686 0.075705919 0.707567646
fail left 0.751012660 -0.154824309 0.983344949 -0.696276833 -0.074257311 0.066065102 0.710858513
fail left 0.718091361 -0.131216115 0.945405179 -0.689112523 -0.069601429 0.063997816 0.718459360
fail left 0.791801248 -0.139919343 1.019992112 -0.701510592 -0.084683302 0.074145058 0.703714529
success left 0.786346434 -0.142398956 1.034095867 -0.704575624 -0.084151118 0.073319662 0.700796694
fail left 0.213019568 3.530293637 0.799113975 -0.042234014 0.747354900 0.662742110 -0.021209384
success left 0.836812088 -0.103973987 0.998106556 -0.696539461 -0.092586841 0.084067049 0.706536049
success left 0.794487947 -0.142109262 1.002715306 -0.698866663 -0.084492200 0.075131156 0.706258993
success left 0.786127177 -0.143433930 1.034602430 -0.704721436 -0.083397282 0.073749528 0.700695082
success left 0.788991993 -0.139045753 1.010385459 -0.700294316 -0.083684945 0.074259599 0.705032066
success left 0.793651769 -0.140564329 1.011656262 -0.700554331 -0.084192882 0.075196213 0.704613878
success left 0.847262829 -0.099974385 0.998402829 -0.696202492 -0.094508393 0.085640271 0.706424800
fail left 0.766508256 -0.139145437 0.990808521 -0.697351461 -0.078893487 0.071036351 0.708823388
fail left 0.000000000 0.000000000 0.000000000 0.000000000 0.000000000 0.000000000 1.000000000
fail left 0.549990999 -0.095564696 1.042245094 -0.706690640 -0.035602704 0.039207316 0.705537790
fail left 0.651586060 -0.160957153 1.018978580 -0.703531149 -0.063487335 0.058405409 0.705409164
fail left 0.029633925 3.590004622 0.959161900 -0.073188005 0.715704802 0.692342551 -0.055425127
fail left 0.288001641 1.776196329 1.223981899 -0.771254150 -0.005881384 0.083483070 0.631001602
success left 0.779546966 -0.138683412 0.982790263 -0.695382336 -0.081628319 0.073600296 0.710185343
fail left 0.785324200 -0.142693788 1.025225593 -0.703127740 -0.083548746 0.073101896 0.702344005
fail left 0.774298528 -0.149858595 0.971601976 -0.694035612 -0.079253277 0.071904983 0.711943229
fail left 0.791620974 -0.144908759 1.022771434 -0.702743242 -0.083208365 0.074180653 0.702656057
fail left 0.790356565 -0.130629980 0.994731536 -0.697415530 -0.083968270 0.075347723 0.707731326
fail left 0.772175679 -0.145527112 0.983865364 -0.695835563 -0.080269358 0.071521292 0.710108727
success left 0.797427543 -0.141295249 1.012821463 -0.700642610 -0.085140800 0.075424683 0.704387744
fail left 0.782973838 -0.141012010 1.016811521 -0.701612933 -0.082646366 0.073201528 0.703953412
success left 0.789746603 -0.134353189 0.943269279 -0.688258260 -0.082330969 0.075627295 0.716800314
success left 0.838074027 -0.107462205 0.998419136 -0.696697483 -0.092526570 0.084348419 0.706354582
fail left 0.770773361 -0.149002467 0.968829097 -0.693410797 -0.078924518 0.071800975 0.712598770
fail left 0.817966449 -0.125021018 0.985760357 -0.694802555 -0.089070681 0.079305535 0.709243580
fail left 0.778682730 -0.145128891 1.046389415 -0.706807496 -0.083008309 0.071667778 0.698853714
fail left 0.796689217 1.725783567 0.684441027 -0.749084201 0.010038997 0.064060553 0.659293807
fail left 0.779952042 -0.135318362 1.031334816 -0.704080012 -0.083465849 0.074058960 0.701298838
fail left 0.863020950 -0.086874858 0.975292036 -0.690985118 -0.098046066 0.087012826 0.710883467
fail left 0.779550619 -0.138918530 0.975693997 -0.694104961 -0.081702921 0.073096658 0.711477206
fail left 0.778988715 -0.144507764 1.026250866 -0.703407579 -0.082559662 0.071654565 0.702329911
fail left 0.331789476 -0.125597044 0.786745311 -0.663634639 -0.011262327 -0.003903288 0.747961891
success left 0.837050081 -0.103848306 0.990629867 -0.695197119 -0.092533064 0.084253427 0.707841760
fail left 0.798895127 -0.134111116 1.000056173 -0.698530093 -0.084305328 0.076847271 0.706429627
fail left 0.753330072 -0.145781729 1.019807643 -0.702532150 -0.078845139 0.071374198 0.703660249
fail left 0.798649928 -0.118649003 0.962055560 -0.691064596 -0.085278925 0.078359495 0.713454287
success left 0.779430819 -0.146201361 1.020920380 -0.702582256 -0.081911694 0.072550807 0.703139408
fail left 0.788435660 -0.144422185 1.034267280 -0.704677653 -0.084277063 0.073216352 0.700689766
fail left 2370830633.751951694 -6301205891.102783203 -1172163307.050616264 0.346189652 0.716188394 -0.382621728 0.469922889
fail left 0.755777464 -0.155291234 0.982680628 -0.696008097 -0.076985526 0.069251868 0.710528069
success left 0.792578932 -0.142029350 1.040145864 -0.705675798 -0.084680701 0.074371935 0.699513876
success left 0.772061130 -0.157548239 1.028587276 -0.703873284 -0.080987279 0.069561518 0.702256831
fail left 0.798307767 -0.126206685 0.982555385 -0.694909798 -0.085098350 0.077305872 0.709846776
fail left 0.779837969 -0.146529372 1.026499949 -0.703479935 -0.081840401 0.072642177 0.702240161
success left 0.789278446 -0.136673387 1.007315221 -0.699570141 -0.083639810 0.074549159 0.705725458
success left 0.835722028 -0.104635550 0.996994751 -0.696395698 -0.092693650 0.083640352 0.706714377
fail left 0.752147264 -0.161922547 1.012202660 -0.701525194 -0.077107616 0.066801555 0.705304452
success left 0.748164752 -0.159526186 0.962297093 -0.687432864 -0.116290600 0.109708948 0.708432425
success left 0.773699358 -0.152953594 1.056163797 -0.692023930 -0.184213538 0.176901727 0.675184443
success left 0.812245711 -0.140235237 0.969745963 -0.668834985 -0.216006146 0.206916604 0.680578156
fail left 0.718752614 1.754317599 1.362770342 0.490288019 0.578364778 -0.530226969 -0.379435375
fail left -0.027606411 3.608887501 0.961223185 0.087515960 0.706666286 0.695140688 0.098707350
success left 0.778853505 -0.181284179 1.014753040 -0.665831690 -0.251777461 0.244778798 0.658300548
fail left 0.000000000 0.000000000 0.000000000 0.000000000 0.000000000 0.000000000 1.000000000
fail left 0.763980847 -0.199928379 1.017761261 -0.653925178 -0.284335684 0.280567681 0.642508254
fail left 0.768111013 -0.196151857 1.035514706 -0.653326775 -0.292503428 0.290146782 0.635154087
fail left 0.606872982 -0.339593312 0.987141295 -0.656337921 -0.269985565 0.269280105 0.651011945
fail left 0.574009430 -0.435493194 0.917551217 -0.646416663 -0.268822316 0.267429040 0.662088943
success left 0.819168126 -0.164477962 0.997237385 -0.635450307 -0.319258867 0.313582452 0.629239802
fail left 0.715250723 -0.310879983 0.984238667 -0.642006851 -0.301310189 0.302410887 0.636857149
fail left 0.640602490 -0.264986121 1.002555327 -0.641765977 -0.313561068 0.302225874 0.631249086
fail left 0.773536733 -0.208804386 1.011449383 -0.632548171 -0.331427851 0.325609809 0.619690764
success left 0.837862778 -0.153053512 0.989231515 -0.617910265 -0.351664141 0.345943077 0.612243925
fail left 0.682977542 -0.293493879 0.972800956 -0.630180473 -0.325389498 0.323687738 0.626275095
fail left 0.659494678 -0.317682035 1.011368404 -0.628767458 -0.339956904 0.335192025 0.613780982
success left 0.646937533 -0.370547003 1.111677581 -0.626128539 -0.369999638 0.341353067 0.595433794
success left 0.668603072 -0.328271205 1.065724477 -0.599284262 -0.392717541 0.398838830 0.572327610
success left 0.635893714 -0.349445669 1.065490756 -0.583792769 -0.426058788 0.416603314 0.551454070
success left 0.647984020 -0.330613388 1.212178695 0.556247660 0.495798495 -0.449701416 -0.492484547
success left 0.616074890 -0.395568245 1.265138887 0.535043505 0.530581953 -0.477179633 -0.452228744
success left 0.621767202 -0.340331028 1.264248138 0.528627165 0.536566915 -0.486352915 -0.442843209
success left 0.616698589 -0.360998632 1.265727697 0.532177221 0.533337626 -0.484465128 -0.444558121
fail left 0.000000000 0.000000000 0.000000000 0.000000000 0.000000000 0.000000000 1.000000000
fail left 0.639529346 -0.267972070 1.002928647 -0.674845189 -0.222976681 0.218124788 0.668795146
fail left 0.000000000 0.000000000 0.000000000 0.000000000 0.000000000 0.000000000 1.000000000
fail left 0.748703197 -0.141006036 0.962400307 -0.689025543 -0.108861853 0.100888264 0.709376103
success left 0.760159901 -0.136767658 0.986417874 -0.692249517 -0.111561390 0.103946591 0.705364990
success left 0.780051986 -0.136403060 1.036174561 -0.697223493 -0.135770475 0.126901117 0.692345207
success left 0.769324117 -0.145442573 1.054872710 -0.700580161 -0.136500727 0.126184722 0.688935704
success left 0.768230190 -0.143261765 1.045242187 -0.698905199 -0.135824208 0.126713214 0.690671462
success left 0.762656850 -0.146557941 0.998939489 -0.690009500 -0.139461631 0.129958766 0.698246419
success left 0.813271571 -0.106605702 0.980415889 -0.683275741 -0.154008473 0.145641443 0.698716124
success left 0.780568858 -0.145417471 1.042636352 -0.695063521 -0.154468804 0.144835298 0.687058095
success left 0.777210699 -0.149238940 1.053768668 -0.697048830 -0.154860241 0.145139042 0.684891154
success left 0.769015087 -0.149350823 1.001924418 -0.687899453 -0.154075852 0.143554292 0.694584149
success left 0.794037687 -0.123289393 0.961064508 -0.676880976 -0.169608940 0.162199930 0.697679105
success left 0.773988723 -0.138133813 1.007944617 -0.702950252 -0.156024422 0.143663121 0.678880129
fail left 0.872466598 0.012376366 0.889598319 -0.660548250 0.130051062 -0.108308950 0.731458750
fail left 1.030338507 -0.069752921 0.869342487 -0.661501064 0.118176738 -0.095639617 0.734372974
fail left 0.000000000 0.000000000 0.000000000 0.000000000 0.000000000 0.000000000 1.000000000
fail left 0.000000000 0.000000000 0.000000000 0.000000000 0.000000000 0.000000000 1.000000000
fail left 0.000000000 0.000000000 0.000000000 0.000000000 0.000000000 0.000000000 1.000000000
fail left 0.000000000 0.000000000 0.000000000 0.000000000 0.000000000 0.000000000 1.000000000
fail left 0.000000000 0.000000000 0.000000000 0.000000000 0.000000000 0.000000000 1.000000000
fail left 0.000000000 0.000000000 0.000000000 0.000000000 0.000000000 0.000000000 1.000000000
fail left 0.000000000 0.000000000 0.000000000 0.000000000 0.000000000 0.000000000 1.000000000
fail left 0.000000000 0.000000000 0.000000000 0.000000000 0.000000000 0.000000000 1.000000000
fail left 0.000000000 0.000000000 0.000000000 0.000000000 0.000000000 0.000000000 1.000000000
fail left 0.000000000 0.000000000 0.000000000 0.000000000 0.000000000 0.000000000 1.000000000
fail left 0.000000000 0.000000000 0.000000000 0.000000000 0.000000000 0.000000000 1.000000000
fail left 0.000000000 0.000000000 0.000000000 0.000000000 0.000000000 0.000000000 1.000000000
fail left 0.000000000 0.000000000 0.000000000 0.000000000 0.000000000 0.000000000 1.000000000
fail left 0.000000000 0.000000000 0.000000000 0.000000000 0.000000000 0.000000000 1.000000000
fail left 0.000000000 0.000000000 0.000000000 0.000000000 0.000000000 0.000000000 1.000000000
fail left 0.000000000 0.000000000 0.000000000 0.000000000 0.000000000 0.000000000 1.000000000
fail left 0.000000000 0.000000000 0.000000000 0.000000000 0.000000000 0.000000000 1.000000000
fail left 0.000000000 0.000000000 0.000000000 0.000000000 0.000000000 0.000000000 1.000000000
fail left 0.783581990 1.804230454 1.355712854 0.759934147 -0.338412674 0.542951099 -0.114808784
fail left 0.750916955 -0.085513234 1.076574054 -0.777078974 0.083122975 -0.071806592 0.619744022
fail left 0.749549981 -0.049247384 0.869708455 -0.743118942 0.096201097 -0.061232927 0.659371000
fail left 0.771745698 -0.089232636 1.066874009 -0.775403764 0.080527962 -0.068192622 0.622586553
fail left 0.734283804 -0.085350075 0.994526430 -0.765336178 0.070120064 -0.056571518 0.637293790
fail left 0.736343917 -0.101135772 1.046231981 -0.774178647 0.069254373 -0.056697396 0.626607261
fail left 0.735371007 -0.087742109 1.013637883 -0.768151958 0.071386370 -0.056698072 0.633744337
fail left 0.183693955 0.018388232 0.659061166 -0.688974465 0.166057086 -0.166844163 0.685494169
fail left 0.682733780 -0.087102322 1.015082579 -0.771498844 0.077564431 -0.057814799 0.628832841
fail left 0.595001814 -0.033019978 1.076715491 0.881398075 -0.019249139 0.012517996 -0.471815857
fail left 0.000000000 0.000000000 0.000000000 0.000000000 0.000000000 0.000000000 1.000000000
fail left 0.787951993 -0.090735542 1.031934226 -0.758935036 -0.010437336 0.012086560 0.650970497
fail left 0.692706300 -0.095900532 0.945406628 -0.685045429 -0.010495261 -0.006545896 0.728395333
fail left 0.066199645 0.046673882 1.016606394 -0.682971399 0.137314540 -0.139026727 0.703822672
fail left 0.659668119 -0.089334210 0.946213729 -0.688796606 0.024299805 -0.039506903 0.723469391
fail left 0.633130412 -0.097002094 0.981984895 -0.697335248 0.004277731 -0.021272805 0.716416584
fail left 0.712715901 -0.089798219 0.923846825 -0.687063179 -0.034642540 0.021110359 0.725464290
fail left 0.739908163 -0.136727999 1.029441296 -0.704799025 -0.126253244 0.103109642 0.690425126
success left 0.745400921 -0.169419731 1.055632380 -0.703338131 -0.147158281 0.125741276 0.683994916
fail left 0.071657797 3.518968126 0.738150833 0.014127436 0.762836483 0.645448423 0.035738613
success left 0.763945072 -0.151752057 1.048296557 -0.702652286 -0.160929814 0.148211778 0.677063239
success left 0.736210126 -0.136060958 1.071568547 -0.706998358 -0.152176762 0.142560856 0.675775080
success left 0.773721902 -0.138131735 1.032965873 -0.696147663 -0.169137403 0.159941135 0.679109567
fail left -0.041127566 3.620791822 1.015230356 0.112684554 0.685411515 0.709302771 0.120011767
fail left 0.717950517 -0.219178393 1.026333586 -0.674763856 -0.255195278 0.247557255 0.646749189
fail left 0.766723508 -0.167209406 1.027607060 -0.668763232 -0.270667756 0.258348637 0.642456759
fail left 0.762420053 -0.196743621 1.007961553 -0.646470678 -0.314843156 0.304873729 0.624500967
fail left 0.693504690 -0.248175393 1.020066284 -0.652795210 -0.307085222 0.299234707 0.624512346
success left 0.811618157 -0.149964811 0.997967593 -0.637150198 -0.331775250 0.318151066 0.618663647
fail left 0.000000000 0.000000000 0.000000000 0.000000000 0.000000000 0.000000000 1.000000000
success left 0.618233268 -0.302126331 1.093207237 -0.603552537 -0.418758791 0.383523864 0.559709618
success left 0.630377249 -0.313596218 1.141358616 -0.606160536 -0.424646876 0.374912282 0.558287754
success left 0.636122715 -0.308327461 1.024915916 -0.597528888 -0.410239232 0.392218406 0.566416563
success left 0.631397781 -0.302224762 1.069806355 -0.600668074 -0.416764130 0.387762935 0.561378154
success left 0.626936491 -0.294554236 1.056143751 -0.599250340 -0.416055710 0.390161008 0.561757122
success left 0.605283956 -0.335040974 1.062750735 -0.602670183 -0.412087957 0.383062605 0.565893282
success left 0.642748375 -0.312041037 1.054175034 -0.601121557 -0.411340011 0.385877377 0.566172163
fail left 0.000000000 0.000000000 0.000000000 0.000000000 0.000000000 0.000000000 1.000000000
fail left 0.000000000 0.000000000 0.000000000 0.000000000 0.000000000 0.000000000 1.000000000
success left 0.650253540 -0.261268294 1.015950475 -0.657857440 -0.298308624 0.282202484 0.631345635
fail left 0.728270391 -0.213588065 1.018261432 -0.654304934 -0.305128443 0.291073321 0.627740400
fail left 0.678642436 -0.268519064 0.997375511 -0.656273800 -0.294874788 0.276432076 0.637133319
fail left 0.665643481 -0.229690643 1.013603409 -0.668628850 -0.270886722 0.259716076 0.641952805
fail left 0.680984496 -0.213999417 0.939574602 -0.656610151 -0.270471902 0.253971351 0.656663241
fail left 0.136096728 3.553611476 0.677893447 0.120619908 0.734065467 0.643241226 0.181216591
fail left 0.712832091 -0.209712668 1.069655357 -0.682274694 -0.256790459 0.244475741 0.639368058
fail left 0.000000000 0.000000000 0.000000000 0.000000000 0.000000000 0.000000000 1.000000000
fail left 0.564650608 -0.294926651 1.128631399 -0.703699507 -0.222829860 0.219484082 0.637950308
fail left 0.765559763 -0.149964671 1.016341398 -0.664137976 -0.278888662 0.260392252 0.642913477
success left 0.646422952 -0.275800297 1.039892880 -0.615831550 -0.380915690 0.355745982 0.590846457
success left 0.649790826 -0.300362863 1.024711645 -0.607627269 -0.390992790 0.370254851 0.583802266
success left 0.654978856 -0.275663820 1.035387300 -0.606436483 -0.395613672 0.371874671 0.580890561
fail left 0.672990531 -0.202848074 1.022560419 -0.716306865 -0.278257420 0.230802233 0.596831310
fail left 0.722921028 -0.124574395 1.049386304 -0.725876531 -0.233990449 0.205829061 0.613177078
fail left 0.796985476 -0.091427115 0.996714937 -0.696540425 -0.163783811 0.141403986 0.684113449
fail left 0.711995341 -0.085118934 0.995336121 -0.703438799 -0.015510449 -0.004906041 0.710569639
success left 0.706377410 -0.074760955 0.902533686 -0.687096884 0.008858154 -0.020964149 0.726209274
fail left -0.661139013 1.494023209 1.313266676 0.754364467 -0.381229198 0.433940697 -0.311919895
fail left 0.693187963 -0.095318919 0.935155510 -0.695270760 -0.041978238 0.023683098 0.717130050
fail left 0.783117692 -0.092405148 1.004183811 -0.707397944 -0.062840129 0.039013750 0.702934701
fail left 0.767716525 -0.094373332 1.024879547 -0.711402310 -0.060641869 0.036259756 0.699224247
fail left 0.000000000 0.000000000 0.000000000 0.000000000 0.000000000 0.000000000 1.000000000
success left 0.752167147 -0.161463969 1.032248436 -0.701963630 -0.156343755 0.134583443 0.681682469
success left 0.755158726 -0.139622328 1.043497149 -0.721265621 -0.127759296 0.103841266 0.672807891
fail left 0.680962088 -0.100533586 1.027222957 -0.753112131 -0.020563880 0.005765729 0.657545436
fail left 0.769140574 -0.052872848 0.929153245 -0.701270860 0.123143572 -0.101368629 0.694823174
fail left -0.189965227 0.184928600 0.032939978 0.567112563 -0.517522113 0.161317642 0.620105493
fail left 0.689675418 -0.071203890 1.070240112 -0.717324338 0.150147604 -0.145214382 0.664691112
fail left 0.292756598 -0.020898511 0.837478762 -0.653475989 0.230856255 -0.207337829 0.690424178
fail left 0.740871063 -0.047108459 0.972209837 -0.702974535 0.155174742 -0.130748636 0.681654162
fail left 0.705999697 -0.064630865 1.041739471 -0.720862045 0.113405625 -0.118158508 0.673450550
fail left 0.824558927 -0.062205957 1.121698902 -0.742649210 0.057059405 -0.072142160 0.663333916
fail left 0.696085368 -0.065003193 0.894193915 -0.702377547 0.081504772 -0.070910309 0.703558442
fail left 0.668869004 -0.072775630 0.968620641 -0.716046179 0.079583097 -0.075874388 0.689338434
fail left 0.667421321 -0.080200493 1.004416898 -0.747512329 0.023067207 -0.022516266 0.663465327
fail left 0.709991975 -0.117317940 1.043629568 -0.750126172 -0.000505560 -0.010596010 0.661209645
fail left 0.742281655 -0.100089073 0.987498049 -0.741320808 -0.003093191 -0.002526276 0.671138964
fail left 0.695916497 -0.092992422 0.961410394 -0.736458208 0.006415072 -0.007512329 0.676410910
fail left 0.710473923 -0.105459590 1.039848202 -0.750514125 0.001050594 -0.007705726 0.660808645
fail left 0.862871180 -0.097707219 1.031184333 -0.748611462 -0.030415209 0.018555554 0.662050968
fail left 0.787895422 -0.067690368 0.936577381 -0.731972560 -0.009964634 0.007230407 0.681222871
fail left 0.752103217 -0.084549203 0.933718899 -0.731588892 -0.003741387 0.001505078 0.681734134
fail left 0.702164151 -0.084886605 0.907008657 -0.726252832 0.005362488 -0.003797183 0.687396282
fail left 0.697280629 -0.099633163 1.012585654 -0.744745179 0.001349141 -0.008174720 0.667297514
fail left 0.696989978 -0.100429546 1.012479033 -0.744900652 0.002002513 -0.007860195 0.667126095
fail left 0.726395962 -0.119727276 1.066263836 -0.754324902 -0.008241719 -0.004579147 0.656433582
fail left 0.694020240 -0.097425311 0.977660541 -0.738684365 0.003602466 -0.006754019 0.674008023
fail left 0.761661632 -0.111361557 1.063519730 -0.753790854 -0.012712895 0.002002179 0.656988373
fail left 0.791657959 -0.128089044 1.119114190 -0.763478693 -0.021994622 0.003790801 0.645447249
fail left 0.738087748 -0.131685420 1.060482197 -0.753141858 -0.009097015 -0.001552020 0.657793415
fail left 0.663428830 -0.099653029 1.017609934 -0.745090066 0.006674781 -0.013016212 0.666803433
fail left 0.693250619 -0.094621899 1.011988954 -0.744452610 0.002207396 -0.007336869 0.667631342
fail left 0.852687994 -0.094917067 1.016537545 -0.744985883 -0.030960870 0.017873220 0.666121616
